Date,Open,High,Low,Close,Adj Close,Volume8/31/09,1025.209961,1025.209961,1014.619995,1020.619995,1020.619995,5004560000.009/1/09,1019.52002,1028.449951,996.280029,998.039978,998.039978,6862360000.009/2/09,996.070007,1000.340027,991.969971,994.75,994.75,5842730000.009/3/09,996.119995,1003.429993,992.25,1003.23999,1003.23999,4624280000.009/4/09,1003.840027,1016.47998,1001.650024,1016.400024,1016.400024,4097370000.009/8/09,1018.669983,1026.069946,1018.669983,1025.390015,1025.390015,5235160000.009/9/09,1025.359985,1036.339966,1023.969971,1033.369995,1033.369995,5202550000.009/10/09,1032.98999,1044.140015,1028.040039,1044.140015,1044.140015,5191380000.009/11/09,1043.920044,1048.180054,1038.400024,1042.72998,1042.72998,4922600000.009/14/09,1040.150024,1049.73999,1035,1049.339966,1049.339966,4979610000.009/15/09,1049.030029,1056.040039,1043.420044,1052.630005,1052.630005,6185620000.009/16/09,1053.98999,1068.76001,1052.869995,1068.76001,1068.76001,6793530000.009/17/09,1067.869995,1074.77002,1061.199951,1065.48999,1065.48999,6668110000.009/18/09,1066.599976,1071.52002,1064.27002,1068.300049,1068.300049,5607970000.009/21/09,1067.140015,1067.280029,1057.459961,1064.660034,1064.660034,4615280000.009/22/09,1066.349976,1073.810059,1066.349976,1071.660034,1071.660034,5246600000.009/23/09,1072.689941,1080.150024,1060.390015,1060.869995,1060.869995,5531930000.009/24/09,1062.560059,1066.290039,1045.849976,1050.780029,1050.780029,5505610000.009/25/09,1049.47998,1053.469971,1041.170044,1044.380005,1044.380005,4507090000.009/28/09,1045.380005,1065.130005,1045.380005,1062.97998,1062.97998,3726950000.009/29/09,1063.689941,1069.619995,1057.829956,1060.609985,1060.609985,4949900000.009/30/09,1061.02002,1063.400024,1046.469971,1057.079956,1057.079956,5998860000.0010/1/09,1054.910034,1054.910034,1029.449951,1029.849976,1029.849976,5791450000.0010/2/09,1029.709961,1030.599976,1019.950012,1025.209961,1025.209961,5583240000.0010/5/09,1026.869995,1042.579956,1025.920044,1040.459961,1040.459961,4313310000.0010/6/09,1042.02002,1060.550049,1042.02002,1054.719971,1054.719971,5029840000.0010/7/09,1053.650024,1058.02002,1050.099976,1057.579956,1057.579956,4238220000.0010/8/09,1060.030029,1070.670044,1060.030029,1065.47998,1065.47998,4988400000.0010/9/09,1065.280029,1071.51001,1063,1071.48999,1071.48999,3763780000.0010/12/09,1071.630005,1079.459961,1071.630005,1076.189941,1076.189941,3710430000.0010/13/09,1074.959961,1075.300049,1066.709961,1073.189941,1073.189941,4320480000.0010/14/09,1078.680054,1093.170044,1078.680054,1092.02002,1092.02002,5406420000.0010/15/09,1090.359985,1096.560059,1086.410034,1096.560059,1096.560059,5369780000.0010/16/09,1094.670044,1094.670044,1081.530029,1087.680054,1087.680054,4894740000.0010/19/09,1088.219971,1100.170044,1086.47998,1097.910034,1097.910034,4619240000.0010/20/09,1098.640015,1098.640015,1086.160034,1091.060059,1091.060059,5396930000.0010/21/09,1090.359985,1101.359985,1080.77002,1081.400024,1081.400024,5616290000.0010/22/09,1080.959961,1095.209961,1074.310059,1092.910034,1092.910034,5192410000.0010/23/09,1095.619995,1095.829956,1075.48999,1079.599976,1079.599976,4767460000.0010/26/09,1080.359985,1091.75,1065.22998,1066.949951,1066.949951,6363380000.0010/27/09,1067.540039,1072.47998,1060.619995,1063.410034,1063.410034,5337380000.0010/28/09,1061.51001,1063.26001,1042.189941,1042.630005,1042.630005,6600350000.0010/29/09,1043.689941,1066.829956,1043.689941,1066.109985,1066.109985,5595040000.0010/30/09,1065.410034,1065.410034,1033.380005,1036.189941,1036.189941,6512420000.0011/2/09,1036.180054,1052.180054,1029.380005,1042.880005,1042.880005,6202640000.0011/3/09,1040.920044,1046.359985,1033.939941,1045.410034,1045.410034,5487500000.0011/4/09,1047.140015,1061,1045.150024,1046.5,1046.5,5635510000.0011/5/09,1047.300049,1066.650024,1047.300049,1066.630005,1066.630005,4848350000.0011/6/09,1064.949951,1071.47998,1059.319946,1069.300049,1069.300049,4277130000.0011/9/09,1072.310059,1093.189941,1072.310059,1093.079956,1093.079956,4460030000.0011/10/09,1091.859985,1096.420044,1087.400024,1093.01001,1093.01001,4394770000.0011/11/09,1096.040039,1105.369995,1093.810059,1098.51001,1098.51001,4286700000.0011/12/09,1098.310059,1101.969971,1084.900024,1087.23999,1087.23999,4160250000.0011/13/09,1087.589966,1097.790039,1085.329956,1093.47998,1093.47998,3792610000.0011/16/09,1094.130005,1113.689941,1094.130005,1109.300049,1109.300049,4565850000.0011/17/09,1109.219971,1110.52002,1102.189941,1110.319946,1110.319946,3824070000.0011/18/09,1109.439941,1111.099976,1102.699951,1109.800049,1109.800049,4293340000.0011/19/09,1106.439941,1106.439941,1088.400024,1094.900024,1094.900024,4178030000.0011/20/09,1094.660034,1094.660034,1086.810059,1091.380005,1091.380005,3751230000.0011/23/09,1094.859985,1112.380005,1094.859985,1106.23999,1106.23999,3827920000.0011/24/09,1105.829956,1107.560059,1097.630005,1105.650024,1105.650024,3700820000.0011/25/09,1106.48999,1111.180054,1104.75,1110.630005,1110.630005,3036350000.0011/27/09,1105.469971,1105.469971,1083.73999,1091.48999,1091.48999,2362910000.0011/30/09,1091.069946,1097.23999,1086.25,1095.630005,1095.630005,3895520000.0012/1/09,1098.890015,1112.280029,1098.890015,1108.859985,1108.859985,4249310000.0012/2/09,1109.030029,1115.579956,1105.290039,1109.23999,1109.23999,3941340000.0012/3/09,1110.589966,1117.280029,1098.73999,1099.920044,1099.920044,4810030000.0012/4/09,1100.430054,1119.130005,1096.52002,1105.97998,1105.97998,5781140000.0012/7/09,1105.52002,1110.719971,1100.829956,1103.25,1103.25,4103360000.0012/8/09,1103.040039,1103.040039,1088.609985,1091.939941,1091.939941,4748030000.0012/9/09,1091.069946,1097.040039,1085.890015,1095.949951,1095.949951,4115410000.0012/10/09,1098.689941,1106.25,1098.689941,1102.349976,1102.349976,3996490000.0012/11/09,1103.959961,1108.5,1101.339966,1106.410034,1106.410034,3791090000.0012/14/09,1107.839966,1114.76001,1107.839966,1114.109985,1114.109985,4548490000.0012/15/09,1114.109985,1114.109985,1105.349976,1107.930054,1107.930054,5045100000.0012/16/09,1108.609985,1116.209961,1107.959961,1109.180054,1109.180054,4829820000.0012/17/09,1106.359985,1106.359985,1095.880005,1096.079956,1096.079956,7615070000.0012/18/09,1097.859985,1103.73999,1093.880005,1102.469971,1102.469971,6325890000.0012/21/09,1105.310059,1117.680054,1105.310059,1114.050049,1114.050049,3977340000.0012/22/09,1114.51001,1120.27002,1114.51001,1118.02002,1118.02002,3641130000.0012/23/09,1118.839966,1121.579956,1116,1120.589966,1120.589966,3166870000.0012/24/09,1121.079956,1126.47998,1121.079956,1126.47998,1126.47998,1267710000.0012/28/09,1127.530029,1130.380005,1123.51001,1127.780029,1127.780029,2716400000.0012/29/09,1128.550049,1130.380005,1126.079956,1126.199951,1126.199951,2491020000.0012/30/09,1125.530029,1126.420044,1121.939941,1126.420044,1126.420044,2277300000.0012/31/09,1126.599976,1127.640015,1114.810059,1115.099976,1115.099976,2076990000.001/4/10,1116.560059,1133.869995,1116.560059,1132.98999,1132.98999,3991400000.001/5/10,1132.660034,1136.630005,1129.660034,1136.52002,1136.52002,2491020000.001/6/10,1135.709961,1139.189941,1133.949951,1137.140015,1137.140015,4972660000.001/7/10,1136.27002,1142.459961,1131.319946,1141.689941,1141.689941,5270680000.001/8/10,1140.52002,1145.390015,1136.219971,1144.97998,1144.97998,4389590000.001/11/10,1145.959961,1149.73999,1142.02002,1146.97998,1146.97998,4255780000.001/12/10,1143.810059,1143.810059,1131.77002,1136.219971,1136.219971,4716160000.001/13/10,1137.310059,1148.400024,1133.180054,1145.680054,1145.680054,4170360000.001/14/10,1145.680054,1150.410034,1143.800049,1148.459961,1148.459961,3915200000.001/15/10,1147.719971,1147.77002,1131.390015,1136.030029,1136.030029,4758730000.001/19/10,1136.030029,1150.449951,1135.77002,1150.22998,1150.22998,4724830000.001/20/10,1147.949951,1147.949951,1129.25,1138.040039,1138.040039,4810560000.001/21/10,1138.680054,1141.579956,1114.839966,1116.47998,1116.47998,6874290000.001/22/10,1115.48999,1115.48999,1090.180054,1091.76001,1091.76001,6208650000.001/25/10,1092.400024,1102.969971,1092.400024,1096.780029,1096.780029,4481390000.001/26/10,1095.800049,1103.689941,1089.859985,1092.170044,1092.170044,4731910000.001/27/10,1091.939941,1099.51001,1083.109985,1097.5,1097.5,5319120000.001/28/10,1096.930054,1100.219971,1078.459961,1084.530029,1084.530029,5452400000.001/29/10,1087.609985,1096.449951,1071.589966,1073.869995,1073.869995,5412850000.002/1/10,1073.890015,1089.380005,1073.890015,1089.189941,1089.189941,4077610000.002/2/10,1090.050049,1104.72998,1087.959961,1103.319946,1103.319946,4749540000.002/3/10,1100.670044,1102.719971,1093.969971,1097.280029,1097.280029,4285450000.002/4/10,1097.25,1097.25,1062.780029,1063.109985,1063.109985,5859690000.002/5/10,1064.119995,1067.130005,1044.5,1066.189941,1066.189941,6438900000.002/8/10,1065.51001,1071.199951,1056.51001,1056.73999,1056.73999,4089820000.002/9/10,1060.060059,1079.280029,1060.060059,1070.52002,1070.52002,5114260000.002/10/10,1069.680054,1073.670044,1059.339966,1068.130005,1068.130005,4251450000.002/11/10,1067.099976,1080.040039,1060.589966,1078.469971,1078.469971,4400870000.002/12/10,1075.949951,1077.810059,1062.969971,1075.51001,1075.51001,4160680000.002/16/10,1079.130005,1095.670044,1079.130005,1094.869995,1094.869995,4080770000.002/17/10,1096.140015,1101.030029,1094.719971,1099.51001,1099.51001,4259230000.002/18/10,1099.030029,1108.23999,1097.47998,1106.75,1106.75,3878620000.002/19/10,1105.48999,1112.420044,1100.800049,1109.170044,1109.170044,3944280000.002/22/10,1110,1112.290039,1105.380005,1108.01001,1108.01001,3814440000.002/23/10,1107.48999,1108.579956,1092.180054,1094.599976,1094.599976,4521050000.002/24/10,1095.890015,1106.420044,1095.5,1105.23999,1105.23999,4168360000.002/25/10,1101.23999,1103.5,1086.02002,1102.939941,1102.939941,4521130000.002/26/10,1103.099976,1107.23999,1097.560059,1104.48999,1104.48999,3945190000.003/1/10,1105.359985,1116.109985,1105.359985,1115.709961,1115.709961,3847640000.003/2/10,1117.01001,1123.459961,1116.51001,1118.310059,1118.310059,4134680000.003/3/10,1119.359985,1125.640015,1116.579956,1118.790039,1118.790039,3951320000.003/4/10,1119.119995,1123.72998,1116.660034,1122.969971,1122.969971,3945010000.003/5/10,1125.119995,1139.380005,1125.119995,1138.699951,1138.699951,4133000000.003/8/10,1138.400024,1141.050049,1136.77002,1138.5,1138.5,3774680000.003/9/10,1137.560059,1145.369995,1134.900024,1140.449951,1140.449951,5185570000.003/10/10,1140.219971,1148.26001,1140.089966,1145.609985,1145.609985,5469120000.003/11/10,1143.959961,1150.23999,1138.98999,1150.23999,1150.23999,4669060000.003/12/10,1151.709961,1153.410034,1146.969971,1149.98999,1149.98999,4928160000.003/15/10,1148.530029,1150.97998,1141.449951,1150.51001,1150.51001,4164110000.003/16/10,1150.829956,1160.280029,1150.349976,1159.459961,1159.459961,4369770000.003/17/10,1159.939941,1169.839966,1159.939941,1166.209961,1166.209961,4963200000.003/18/10,1166.130005,1167.77002,1161.160034,1165.829956,1165.829956,4234510000.003/19/10,1166.680054,1169.199951,1155.329956,1159.900024,1159.900024,5212410000.003/22/10,1157.25,1167.819946,1152.880005,1165.810059,1165.810059,4261680000.003/23/10,1166.469971,1174.719971,1163.829956,1174.170044,1174.170044,4411640000.003/24/10,1172.699951,1173.040039,1166.01001,1167.719971,1167.719971,4705750000.003/25/10,1170.030029,1180.689941,1165.089966,1165.72998,1165.72998,5668900000.003/26/10,1167.579956,1173.930054,1161.47998,1166.589966,1166.589966,4708420000.003/29/10,1167.709961,1174.849976,1167.709961,1173.219971,1173.219971,4375580000.003/30/10,1173.75,1177.829956,1168.920044,1173.27002,1173.27002,4085000000.003/31/10,1171.75,1174.560059,1165.77002,1169.430054,1169.430054,4484340000.004/1/10,1171.22998,1181.430054,1170.689941,1178.099976,1178.099976,4006870000.004/5/10,1178.709961,1187.72998,1178.709961,1187.439941,1187.439941,3881620000.004/6/10,1186.01001,1191.800049,1182.77002,1189.439941,1189.439941,4086180000.004/7/10,1188.22998,1189.599976,1177.25,1182.449951,1182.449951,5101430000.004/8/10,1181.75,1188.550049,1175.119995,1186.439941,1186.439941,4726970000.004/9/10,1187.469971,1194.660034,1187.150024,1194.369995,1194.369995,4511570000.004/12/10,1194.939941,1199.199951,1194.709961,1196.47998,1196.47998,4607090000.004/13/10,1195.939941,1199.040039,1188.819946,1197.300049,1197.300049,5403580000.004/14/10,1198.689941,1210.650024,1198.689941,1210.650024,1210.650024,5760040000.004/15/10,1210.77002,1213.920044,1208.5,1211.670044,1211.670044,5995330000.004/16/10,1210.170044,1210.170044,1186.77002,1192.130005,1192.130005,8108470000.004/19/10,1192.060059,1197.869995,1183.680054,1197.52002,1197.52002,6597740000.004/20/10,1199.040039,1208.579956,1199.040039,1207.170044,1207.170044,5316590000.004/21/10,1207.160034,1210.98999,1198.849976,1205.939941,1205.939941,5724310000.004/22/10,1202.52002,1210.27002,1190.189941,1208.670044,1208.670044,6035780000.004/23/10,1207.869995,1217.280029,1205.099976,1217.280029,1217.280029,5326060000.004/26/10,1217.069946,1219.800049,1211.069946,1212.050049,1212.050049,5647760000.004/27/10,1209.920044,1211.380005,1181.619995,1183.709961,1183.709961,7454540000.004/28/10,1184.589966,1195.050049,1181.810059,1191.359985,1191.359985,6342310000.004/29/10,1193.300049,1209.359985,1193.300049,1206.780029,1206.780029,6059410000.004/30/10,1206.77002,1207.98999,1186.319946,1186.689941,1186.689941,6048260000.005/3/10,1188.579956,1205.130005,1188.579956,1202.26001,1202.26001,4938050000.005/4/10,1197.5,1197.5,1168.119995,1173.599976,1173.599976,6594720000.005/5/10,1169.23999,1175.949951,1158.150024,1165.869995,1165.869995,6795940000.005/6/10,1164.380005,1167.579956,1065.790039,1128.150024,1128.150024,10617810000.005/7/10,1127.040039,1135.130005,1094.150024,1110.880005,1110.880005,9472910000.005/10/10,1122.27002,1163.849976,1122.27002,1159.72998,1159.72998,6893700000.005/11/10,1156.390015,1170.47998,1147.709961,1155.790039,1155.790039,5842550000.005/12/10,1155.430054,1172.869995,1155.430054,1171.670044,1171.670044,5225460000.005/13/10,1170.040039,1173.569946,1156.140015,1157.439941,1157.439941,4870640000.005/14/10,1157.189941,1157.189941,1126.140015,1135.680054,1135.680054,6126400000.005/17/10,1136.52002,1141.880005,1114.959961,1136.939941,1136.939941,5922920000.005/18/10,1138.780029,1148.660034,1117.199951,1120.800049,1120.800049,6170840000.005/19/10,1119.569946,1124.27002,1100.660034,1115.050049,1115.050049,6765800000.005/20/10,1107.339966,1107.339966,1071.579956,1071.589966,1071.589966,8328570000.005/21/10,1067.26001,1090.160034,1055.900024,1087.689941,1087.689941,5452130000.005/24/10,1084.780029,1089.949951,1072.699951,1073.650024,1073.650024,5224040000.005/25/10,1067.420044,1074.75,1040.780029,1074.030029,1074.030029,7329580000.005/26/10,1075.51001,1090.75,1065.589966,1067.949951,1067.949951,4521050000.005/27/10,1074.27002,1103.52002,1074.27002,1103.060059,1103.060059,5698460000.005/28/10,1102.589966,1102.589966,1084.780029,1089.410034,1089.410034,4871210000.006/1/10,1087.300049,1094.77002,1069.890015,1070.709961,1070.709961,5271480000.006/2/10,1073.01001,1098.560059,1072.030029,1098.380005,1098.380005,5026360000.006/3/10,1098.819946,1105.670044,1091.810059,1102.829956,1102.829956,4995970000.006/4/10,1098.430054,1098.430054,1060.5,1064.880005,1064.880005,6180580000.006/7/10,1065.839966,1071.359985,1049.859985,1050.469971,1050.469971,5467560000.006/8/10,1050.810059,1063.150024,1042.170044,1062,1062,6192750000.006/9/10,1062.75,1077.73999,1052.25,1055.689941,1055.689941,5983200000.006/10/10,1058.77002,1087.849976,1058.77002,1086.839966,1086.839966,5144780000.006/11/10,1082.650024,1092.25,1077.119995,1091.599976,1091.599976,4059280000.006/14/10,1095,1105.910034,1089.030029,1089.630005,1089.630005,4425830000.006/15/10,1091.209961,1115.589966,1091.209961,1115.22998,1115.22998,4644490000.006/16/10,1114.02002,1118.73999,1107.130005,1114.609985,1114.609985,5002600000.006/17/10,1115.97998,1117.719971,1105.869995,1116.040039,1116.040039,4557760000.006/18/10,1116.160034,1121.01001,1113.930054,1117.51001,1117.51001,4555360000.006/21/10,1122.790039,1131.22998,1108.23999,1113.199951,1113.199951,4514360000.006/22/10,1113.900024,1118.5,1094.180054,1095.310059,1095.310059,4514380000.006/23/10,1095.569946,1099.640015,1085.310059,1092.040039,1092.040039,4526150000.006/24/10,1090.930054,1090.930054,1071.599976,1073.689941,1073.689941,4814830000.006/25/10,1075.099976,1083.560059,1067.890015,1076.76001,1076.76001,5128840000.006/28/10,1077.5,1082.599976,1071.449951,1074.569946,1074.569946,3896410000.006/29/10,1071.099976,1071.099976,1035.180054,1041.23999,1041.23999,6136700000.006/30/10,1040.560059,1048.079956,1028.329956,1030.709961,1030.709961,5067080000.007/1/10,1031.099976,1033.579956,1010.909973,1027.369995,1027.369995,6435770000.007/2/10,1027.650024,1032.949951,1015.929993,1022.580017,1022.580017,3968500000.007/6/10,1028.089966,1042.5,1018.349976,1028.060059,1028.060059,4691240000.007/7/10,1028.540039,1060.890015,1028.540039,1060.27002,1060.27002,4931220000.007/8/10,1062.920044,1071.25,1058.23999,1070.25,1070.25,4548460000.007/9/10,1070.5,1078.160034,1068.099976,1077.959961,1077.959961,3506570000.007/12/10,1077.22998,1080.780029,1070.449951,1078.75,1078.75,3426990000.007/13/10,1080.650024,1099.459961,1080.650024,1095.339966,1095.339966,4640460000.007/14/10,1095.609985,1099.079956,1087.680054,1095.170044,1095.170044,4521050000.007/15/10,1094.459961,1098.660034,1080.530029,1096.47998,1096.47998,4552470000.007/16/10,1093.849976,1093.849976,1063.319946,1064.880005,1064.880005,5297350000.007/19/10,1066.849976,1074.699951,1061.109985,1071.25,1071.25,4089500000.007/20/10,1064.530029,1083.939941,1056.880005,1083.47998,1083.47998,4713280000.007/21/10,1086.670044,1088.959961,1065.25,1069.589966,1069.589966,4747180000.007/22/10,1072.140015,1097.5,1072.140015,1093.670044,1093.670044,4826900000.007/23/10,1092.170044,1103.72998,1087.880005,1102.660034,1102.660034,4524570000.007/26/10,1102.890015,1115.01001,1101.300049,1115.01001,1115.01001,4009650000.007/27/10,1117.359985,1120.949951,1109.780029,1113.839966,1113.839966,4725690000.007/28/10,1112.839966,1114.660034,1103.109985,1106.130005,1106.130005,4002390000.007/29/10,1108.069946,1115.900024,1092.819946,1101.530029,1101.530029,4612420000.007/30/10,1098.439941,1106.439941,1088.01001,1101.599976,1101.599976,4006450000.008/2/10,1107.530029,1127.300049,1107.530029,1125.859985,1125.859985,4144180000.008/3/10,1125.339966,1125.439941,1116.76001,1120.459961,1120.459961,4071820000.008/4/10,1121.060059,1128.75,1119.459961,1127.23999,1127.23999,4057850000.008/5/10,1125.780029,1126.560059,1118.810059,1125.810059,1125.810059,3685560000.008/6/10,1122.069946,1123.060059,1107.170044,1121.640015,1121.640015,3857890000.008/9/10,1122.800049,1129.23999,1120.910034,1127.790039,1127.790039,3979360000.008/10/10,1122.920044,1127.160034,1111.579956,1121.060059,1121.060059,3979360000.008/11/10,1116.890015,1116.890015,1088.550049,1089.469971,1089.469971,4511860000.008/12/10,1081.47998,1086.719971,1076.689941,1083.609985,1083.609985,4521050000.008/13/10,1082.219971,1086.25,1079,1079.25,1079.25,3328890000.008/16/10,1077.48999,1082.619995,1069.48999,1079.380005,1079.380005,3142450000.008/17/10,1081.160034,1100.140015,1081.160034,1092.540039,1092.540039,3968210000.008/18/10,1092.079956,1099.77002,1085.76001,1094.160034,1094.160034,3724260000.008/19/10,1092.439941,1092.439941,1070.660034,1075.630005,1075.630005,4290540000.008/20/10,1075.630005,1075.630005,1063.910034,1071.689941,1071.689941,3761570000.008/23/10,1073.359985,1081.579956,1067.079956,1067.359985,1067.359985,3210950000.008/24/10,1063.199951,1063.199951,1046.680054,1051.869995,1051.869995,4436330000.008/25/10,1048.97998,1059.380005,1039.829956,1055.329956,1055.329956,4360190000.008/26/10,1056.280029,1061.449951,1045.400024,1047.219971,1047.219971,3646710000.008/27/10,1049.27002,1065.209961,1039.699951,1064.589966,1064.589966,4102460000.008/30/10,1062.900024,1064.400024,1048.790039,1048.920044,1048.920044,2917990000.008/31/10,1046.880005,1055.140015,1040.880005,1049.329956,1049.329956,4038770000.009/1/10,1049.719971,1081.300049,1049.719971,1080.290039,1080.290039,4396880000.009/2/10,1080.660034,1090.099976,1080.390015,1090.099976,1090.099976,3704210000.009/3/10,1093.609985,1105.099976,1093.609985,1104.51001,1104.51001,3534500000.009/7/10,1102.599976,1102.599976,1091.150024,1091.839966,1091.839966,3107380000.009/8/10,1092.359985,1103.26001,1092.359985,1098.869995,1098.869995,3224640000.009/9/10,1101.150024,1110.27002,1101.150024,1104.180054,1104.180054,3387770000.009/10/10,1104.569946,1110.880005,1103.920044,1109.550049,1109.550049,3061160000.009/13/10,1113.380005,1123.869995,1113.380005,1121.900024,1121.900024,4521050000.009/14/10,1121.160034,1127.359985,1115.579956,1121.099976,1121.099976,4521050000.009/15/10,1119.430054,1126.459961,1114.630005,1125.069946,1125.069946,3369840000.009/16/10,1123.890015,1125.439941,1118.880005,1124.660034,1124.660034,3364080000.009/17/10,1126.390015,1131.469971,1122.430054,1125.589966,1125.589966,4086140000.009/20/10,1126.569946,1144.859985,1126.569946,1142.709961,1142.709961,3364080000.009/21/10,1142.819946,1148.589966,1136.219971,1139.780029,1139.780029,4175660000.009/22/10,1139.48999,1144.380005,1131.579956,1134.280029,1134.280029,3911070000.009/23/10,1131.099976,1136.77002,1122.790039,1124.829956,1124.829956,3847850000.009/24/10,1131.689941,1148.900024,1131.689941,1148.670044,1148.670044,4123950000.009/27/10,1148.640015,1149.920044,1142,1142.160034,1142.160034,3587860000.009/28/10,1142.310059,1150,1132.089966,1147.699951,1147.699951,4025840000.009/29/10,1146.75,1148.630005,1140.26001,1144.72998,1144.72998,3990280000.009/30/10,1145.969971,1157.160034,1136.079956,1141.199951,1141.199951,4284160000.0010/1/10,1143.48999,1150.300049,1139.420044,1146.23999,1146.23999,4298910000.0010/4/10,1144.959961,1148.160034,1131.869995,1137.030029,1137.030029,3604110000.0010/5/10,1140.680054,1162.76001,1140.680054,1160.75,1160.75,4068840000.0010/6/10,1159.810059,1162.329956,1154.849976,1159.969971,1159.969971,4073160000.0010/7/10,1161.569946,1163.869995,1151.410034,1158.060059,1158.060059,3910550000.0010/8/10,1158.359985,1167.72998,1155.579956,1165.150024,1165.150024,3871420000.0010/11/10,1165.319946,1168.680054,1162.02002,1165.319946,1165.319946,2505900000.0010/12/10,1164.280029,1172.579956,1155.709961,1169.77002,1169.77002,4076170000.0010/13/10,1171.319946,1184.380005,1171.319946,1178.099976,1178.099976,4969410000.0010/14/10,1177.819946,1178.890015,1166.709961,1173.810059,1173.810059,4969410000.0010/15/10,1177.469971,1181.199951,1167.119995,1176.189941,1176.189941,5724910000.0010/18/10,1176.829956,1185.530029,1174.550049,1184.709961,1184.709961,4450050000.0010/19/10,1178.640015,1178.640015,1159.709961,1165.900024,1165.900024,5600120000.0010/20/10,1166.73999,1182.939941,1166.73999,1178.170044,1178.170044,5027880000.0010/21/10,1179.819946,1189.430054,1171.170044,1180.26001,1180.26001,4625470000.0010/22/10,1180.52002,1183.930054,1178.98999,1183.079956,1183.079956,3177890000.0010/25/10,1184.73999,1196.140015,1184.73999,1185.619995,1185.619995,4221380000.0010/26/10,1184.880005,1187.109985,1177.719971,1185.640015,1185.640015,4203680000.0010/27/10,1183.839966,1183.839966,1171.699951,1182.449951,1182.449951,4335670000.0010/28/10,1184.469971,1189.530029,1177.099976,1183.780029,1183.780029,4283460000.0010/29/10,1183.869995,1185.459961,1179.699951,1183.26001,1183.26001,3537880000.0011/1/10,1185.709961,1195.810059,1177.650024,1184.380005,1184.380005,4129180000.0011/2/10,1187.859985,1195.880005,1187.859985,1193.569946,1193.569946,3866200000.0011/3/10,1193.790039,1198.300049,1183.560059,1197.959961,1197.959961,4665480000.0011/4/10,1198.339966,1221.25,1198.339966,1221.060059,1221.060059,5695470000.0011/5/10,1221.199951,1227.079956,1220.290039,1225.849976,1225.849976,5637460000.0011/8/10,1223.23999,1224.569946,1217.550049,1223.25,1223.25,3937230000.0011/9/10,1223.589966,1226.839966,1208.939941,1213.400024,1213.400024,4848040000.0011/10/10,1213.140015,1218.75,1204.329956,1218.709961,1218.709961,4561300000.0011/11/10,1213.040039,1215.449951,1204.48999,1213.540039,1213.540039,3931120000.0011/12/10,1209.069946,1210.5,1194.079956,1199.209961,1199.209961,4213620000.0011/15/10,1200.439941,1207.430054,1197.150024,1197.75,1197.75,3503370000.0011/16/10,1194.790039,1194.790039,1173,1178.339966,1178.339966,5116380000.0011/17/10,1178.329956,1183.560059,1175.819946,1178.589966,1178.589966,3904780000.0011/18/10,1183.75,1200.290039,1183.75,1196.689941,1196.689941,4687260000.0011/19/10,1196.119995,1199.969971,1189.439941,1199.72998,1199.72998,3675390000.0011/22/10,1198.069946,1198.939941,1184.579956,1197.839966,1197.839966,3689500000.0011/23/10,1192.51001,1192.51001,1176.910034,1180.72998,1180.72998,4133070000.0011/24/10,1183.699951,1198.619995,1183.699951,1198.349976,1198.349976,3384250000.0011/26/10,1194.160034,1194.160034,1186.930054,1189.400024,1189.400024,1613820000.0011/29/10,1189.079956,1190.339966,1173.640015,1187.76001,1187.76001,3673450000.0011/30/10,1182.959961,1187.400024,1174.140015,1180.550049,1180.550049,4284700000.0012/1/10,1186.599976,1207.609985,1186.599976,1206.069946,1206.069946,4548110000.0012/2/10,1206.810059,1221.890015,1206.810059,1221.530029,1221.530029,4970800000.0012/3/10,1219.930054,1225.569946,1216.819946,1224.709961,1224.709961,3735780000.0012/6/10,1223.869995,1225.800049,1220.670044,1223.119995,1223.119995,3527370000.0012/7/10,1227.25,1235.050049,1223.25,1223.75,1223.75,6970630000.0012/8/10,1225.02002,1228.930054,1219.5,1228.280029,1228.280029,4607590000.0012/9/10,1230.140015,1234.709961,1226.849976,1233,1233,4522510000.0012/10/10,1233.849976,1240.400024,1232.579956,1240.400024,1240.400024,4547310000.0012/13/10,1242.52002,1246.72998,1240.339966,1240.459961,1240.459961,4361240000.0012/14/10,1241.839966,1246.589966,1238.170044,1241.589966,1241.589966,4132350000.0012/15/10,1241.579956,1244.25,1234.01001,1235.22998,1235.22998,4407340000.0012/16/10,1236.339966,1243.75,1232.849976,1242.869995,1242.869995,4736820000.0012/17/10,1243.630005,1245.810059,1239.869995,1243.910034,1243.910034,4632470000.0012/20/10,1245.76001,1250.199951,1241.51001,1247.079956,1247.079956,3548140000.0012/21/10,1249.430054,1255.819946,1249.430054,1254.599976,1254.599976,3479670000.0012/22/10,1254.939941,1259.390015,1254.939941,1258.839966,1258.839966,1285590000.0012/23/10,1257.530029,1258.589966,1254.050049,1256.77002,1256.77002,2515020000.0012/27/10,1254.660034,1258.430054,1251.47998,1257.540039,1257.540039,1992470000.0012/28/10,1259.099976,1259.900024,1256.219971,1258.51001,1258.51001,2478450000.0012/29/10,1258.780029,1262.599976,1258.780029,1259.780029,1259.780029,2214380000.0012/30/10,1259.439941,1261.089966,1256.319946,1257.880005,1257.880005,1970720000.0012/31/10,1256.76001,1259.339966,1254.189941,1257.640015,1257.640015,1799770000.001/3/11,1257.619995,1276.170044,1257.619995,1271.869995,1271.869995,4286670000.001/4/11,1272.949951,1274.119995,1262.660034,1270.199951,1270.199951,4796420000.001/5/11,1268.780029,1277.630005,1265.359985,1276.560059,1276.560059,4764920000.001/6/11,1276.290039,1278.170044,1270.430054,1273.849976,1273.849976,4844100000.001/7/11,1274.410034,1276.829956,1261.699951,1271.5,1271.5,4963110000.001/10/11,1270.839966,1271.52002,1262.180054,1269.75,1269.75,4036450000.001/11/11,1272.579956,1277.25,1269.619995,1274.47998,1274.47998,4050750000.001/12/11,1275.650024,1286.869995,1275.650024,1285.959961,1285.959961,4226940000.001/13/11,1285.780029,1286.699951,1280.469971,1283.76001,1283.76001,4310840000.001/14/11,1282.900024,1293.23999,1281.23999,1293.23999,1293.23999,4661590000.001/18/11,1293.219971,1296.060059,1290.160034,1295.02002,1295.02002,5284990000.001/19/11,1294.52002,1294.599976,1278.920044,1281.920044,1281.920044,4743710000.001/20/11,1280.849976,1283.349976,1271.26001,1280.26001,1280.26001,4935320000.001/21/11,1283.630005,1291.209961,1282.069946,1283.349976,1283.349976,4935320000.001/24/11,1283.290039,1291.930054,1282.469971,1290.839966,1290.839966,3902470000.001/25/11,1288.170044,1291.26001,1281.069946,1291.180054,1291.180054,4595380000.001/26/11,1291.969971,1299.73999,1291.969971,1296.630005,1296.630005,4730980000.001/27/11,1297.51001,1301.290039,1294.410034,1299.540039,1299.540039,4309190000.001/28/11,1299.630005,1302.670044,1275.099976,1276.339966,1276.339966,5618630000.001/31/11,1276.5,1287.170044,1276.5,1286.119995,1286.119995,4167160000.002/1/11,1289.140015,1308.859985,1289.140015,1307.589966,1307.589966,5164500000.002/2/11,1305.910034,1307.609985,1302.619995,1304.030029,1304.030029,4098260000.002/3/11,1302.77002,1308.599976,1294.829956,1307.099976,1307.099976,4370990000.002/4/11,1307.01001,1311,1301.670044,1310.869995,1310.869995,3925950000.002/7/11,1311.849976,1322.849976,1311.849976,1319.050049,1319.050049,3902270000.002/8/11,1318.76001,1324.869995,1316.030029,1324.569946,1324.569946,3881530000.002/9/11,1322.47998,1324.540039,1314.890015,1320.880005,1320.880005,3922240000.002/10/11,1318.130005,1322.780029,1311.73999,1321.869995,1321.869995,4184610000.002/11/11,1318.660034,1330.790039,1316.079956,1329.150024,1329.150024,4219300000.002/14/11,1328.72998,1332.959961,1326.900024,1332.319946,1332.319946,3567040000.002/15/11,1330.430054,1330.430054,1324.609985,1328.01001,1328.01001,3926860000.002/16/11,1329.51001,1337.609985,1329.51001,1336.319946,1336.319946,1966450000.002/17/11,1334.369995,1341.5,1331,1340.430054,1340.430054,1966450000.002/18/11,1340.380005,1344.069946,1338.119995,1343.01001,1343.01001,1162310000.002/22/11,1338.910034,1338.910034,1312.329956,1315.439941,1315.439941,1322780000.002/23/11,1315.439941,1317.910034,1299.550049,1307.400024,1307.400024,1330340000.002/24/11,1307.089966,1310.910034,1294.26001,1306.099976,1306.099976,1222900000.002/25/11,1307.339966,1320.609985,1307.339966,1319.880005,1319.880005,3836030000.002/28/11,1321.609985,1329.380005,1320.550049,1327.219971,1327.219971,1252850000.003/1/11,1328.640015,1332.089966,1306.140015,1306.329956,1306.329956,1180420000.003/2/11,1305.469971,1314.189941,1302.579956,1308.439941,1308.439941,1025000000.003/3/11,1312.369995,1332.280029,1312.369995,1330.969971,1330.969971,4340470000.003/4/11,1330.72998,1331.079956,1312.589966,1321.150024,1321.150024,4223740000.003/7/11,1322.719971,1327.680054,1303.98999,1310.130005,1310.130005,3964730000.003/8/11,1311.050049,1325.73999,1306.859985,1321.819946,1321.819946,4531420000.003/9/11,1319.920044,1323.209961,1312.27002,1320.02002,1320.02002,3709520000.003/10/11,1315.719971,1315.719971,1294.209961,1295.109985,1295.109985,4723020000.003/11/11,1293.430054,1308.349976,1291.98999,1304.280029,1304.280029,3740400000.003/14/11,1301.189941,1301.189941,1286.369995,1296.390015,1296.390015,4050370000.003/15/11,1288.459961,1288.459961,1261.119995,1281.869995,1281.869995,5201400000.003/16/11,1279.459961,1280.910034,1249.050049,1256.880005,1256.880005,5833000000.003/17/11,1261.609985,1278.880005,1261.609985,1273.719971,1273.719971,4134950000.003/18/11,1276.709961,1288.880005,1276.180054,1279.209961,1279.209961,4685500000.003/21/11,1281.650024,1300.579956,1281.650024,1298.380005,1298.380005,4223730000.003/22/11,1298.290039,1299.349976,1292.699951,1293.77002,1293.77002,3576550000.003/23/11,1292.189941,1300.51001,1284.050049,1297.540039,1297.540039,3842350000.003/24/11,1300.609985,1311.339966,1297.73999,1309.660034,1309.660034,4223740000.003/25/11,1311.800049,1319.180054,1310.150024,1313.800049,1313.800049,4223740000.003/28/11,1315.449951,1319.73999,1310.189941,1310.189941,1310.189941,3215170000.003/29/11,1309.369995,1319.449951,1305.26001,1319.439941,1319.439941,3482580000.003/30/11,1321.890015,1331.73999,1321.890015,1328.26001,1328.26001,3809570000.003/31/11,1327.439941,1329.77002,1325.030029,1325.829956,1325.829956,3566270000.004/1/11,1329.47998,1337.849976,1328.890015,1332.410034,1332.410034,4223740000.004/4/11,1333.560059,1336.73999,1329.099976,1332.869995,1332.869995,4223740000.004/5/11,1332.030029,1338.209961,1330.030029,1332.630005,1332.630005,3852280000.004/6/11,1335.939941,1339.380005,1331.089966,1335.540039,1335.540039,4223740000.004/7/11,1334.819946,1338.800049,1326.560059,1333.51001,1333.51001,4005600000.004/8/11,1336.160034,1339.459961,1322.939941,1328.170044,1328.170044,3582810000.004/11/11,1329.01001,1333.77002,1321.060059,1324.459961,1324.459961,3478970000.004/12/11,1321.959961,1321.959961,1309.51001,1314.160034,1314.160034,4275490000.004/13/11,1314.030029,1321.349976,1309.189941,1314.410034,1314.410034,3850860000.004/14/11,1311.130005,1316.790039,1302.420044,1314.52002,1314.52002,3872630000.004/15/11,1314.540039,1322.880005,1313.680054,1319.680054,1319.680054,4223740000.004/18/11,1313.349976,1313.349976,1294.699951,1305.140015,1305.140015,4223740000.004/19/11,1305.98999,1312.699951,1303.969971,1312.619995,1312.619995,3886300000.004/20/11,1319.119995,1332.660034,1319.119995,1330.359985,1330.359985,4236280000.004/21/11,1333.22998,1337.48999,1332.829956,1337.380005,1337.380005,3587240000.004/25/11,1337.140015,1337.550049,1331.469971,1335.25,1335.25,2142130000.004/26/11,1336.75,1349.550049,1336.75,1347.23999,1347.23999,3908060000.004/27/11,1348.430054,1357.48999,1344.25,1355.660034,1355.660034,4051570000.004/28/11,1353.859985,1361.709961,1353.599976,1360.47998,1360.47998,4036820000.004/29/11,1360.140015,1364.560059,1358.689941,1363.609985,1363.609985,3479070000.005/2/11,1365.209961,1370.579956,1358.589966,1361.219971,1361.219971,3846250000.005/3/11,1359.76001,1360.839966,1349.52002,1356.619995,1356.619995,4223740000.005/4/11,1355.900024,1355.900024,1341.5,1347.319946,1347.319946,4223740000.005/5/11,1344.160034,1348,1329.170044,1335.099976,1335.099976,3846250000.005/6/11,1340.23999,1354.359985,1335.579956,1340.199951,1340.199951,4223740000.005/9/11,1340.199951,1349.439941,1338.640015,1346.290039,1346.290039,4265250000.005/10/11,1348.339966,1359.439941,1348.339966,1357.160034,1357.160034,4223740000.005/11/11,1354.51001,1354.51001,1336.359985,1342.079956,1342.079956,3846250000.005/12/11,1339.390015,1351.050049,1332.030029,1348.650024,1348.650024,3777210000.005/13/11,1348.689941,1350.469971,1333.359985,1337.77002,1337.77002,3426660000.005/16/11,1334.77002,1343.329956,1327.319946,1329.469971,1329.469971,3846250000.005/17/11,1326.099976,1330.420044,1318.51001,1328.97998,1328.97998,4053970000.005/18/11,1328.540039,1341.819946,1326.589966,1340.680054,1340.680054,3922030000.005/19/11,1342.400024,1346.819946,1336.359985,1343.599976,1343.599976,3626110000.005/20/11,1342,1342,1330.670044,1333.27002,1333.27002,4066020000.005/23/11,1333.069946,1333.069946,1312.880005,1317.369995,1317.369995,3255580000.005/24/11,1317.699951,1323.719971,1313.869995,1316.280029,1316.280029,3846250000.005/25/11,1316.359985,1325.859985,1311.800049,1320.469971,1320.469971,4109670000.005/26/11,1320.640015,1328.51001,1314.410034,1325.689941,1325.689941,3259470000.005/27/11,1325.689941,1334.619995,1325.689941,1331.099976,1331.099976,3124560000.005/31/11,1331.099976,1345.199951,1331.099976,1345.199951,1345.199951,4696240000.006/1/11,1345.199951,1345.199951,1313.709961,1314.550049,1314.550049,4241090000.006/2/11,1314.550049,1318.030029,1305.609985,1312.939941,1312.939941,3762170000.006/3/11,1312.939941,1312.939941,1297.900024,1300.160034,1300.160034,3505030000.006/6/11,1300.26001,1300.26001,1284.719971,1286.170044,1286.170044,3555980000.006/7/11,1286.310059,1296.219971,1284.73999,1284.939941,1284.939941,3846250000.006/8/11,1284.630005,1287.040039,1277.420044,1279.560059,1279.560059,3970810000.006/9/11,1279.630005,1294.540039,1279.630005,1289,1289,3332510000.006/10/11,1288.599976,1288.599976,1268.280029,1270.97998,1270.97998,3846250000.006/13/11,1271.310059,1277.040039,1265.640015,1271.829956,1271.829956,4132520000.006/14/11,1272.219971,1292.5,1272.219971,1287.869995,1287.869995,3500280000.006/15/11,1287.869995,1287.869995,1261.900024,1265.420044,1265.420044,4070500000.006/16/11,1265.530029,1274.109985,1258.069946,1267.640015,1267.640015,3846250000.006/17/11,1268.579956,1279.819946,1267.400024,1271.5,1271.5,4916460000.006/20/11,1271.5,1280.420044,1267.560059,1278.359985,1278.359985,3464660000.006/21/11,1278.400024,1297.619995,1278.400024,1295.52002,1295.52002,4056150000.006/22/11,1295.47998,1298.609985,1286.790039,1287.140015,1287.140015,3718420000.006/23/11,1286.599976,1286.599976,1262.869995,1283.5,1283.5,4983450000.006/24/11,1283.040039,1283.930054,1267.23999,1268.449951,1268.449951,3665340000.006/27/11,1268.439941,1284.910034,1267.530029,1280.099976,1280.099976,3479070000.006/28/11,1280.209961,1296.800049,1280.209961,1296.670044,1296.670044,3681500000.006/29/11,1296.849976,1309.209961,1296.849976,1307.410034,1307.410034,4347540000.006/30/11,1307.640015,1321.969971,1307.640015,1320.640015,1320.640015,4200500000.007/1/11,1320.640015,1341.01001,1318.180054,1339.670044,1339.670044,3796930000.007/5/11,1339.589966,1340.890015,1334.300049,1337.880005,1337.880005,3722320000.007/6/11,1337.560059,1340.939941,1330.920044,1339.219971,1339.219971,3564190000.007/7/11,1339.619995,1356.47998,1339.619995,1353.219971,1353.219971,4069530000.007/8/11,1352.390015,1352.390015,1333.709961,1343.800049,1343.800049,3594360000.007/11/11,1343.310059,1343.310059,1316.420044,1319.48999,1319.48999,3879130000.007/12/11,1319.609985,1327.170044,1313.329956,1313.640015,1313.640015,4227890000.007/13/11,1314.449951,1331.47998,1314.449951,1317.719971,1317.719971,4060080000.007/14/11,1317.73999,1326.880005,1306.51001,1308.869995,1308.869995,4358570000.007/15/11,1308.869995,1317.699951,1307.52002,1316.140015,1316.140015,4242760000.007/18/11,1315.939941,1315.939941,1295.920044,1305.439941,1305.439941,4118160000.007/19/11,1307.069946,1328.140015,1307.069946,1326.72998,1326.72998,4304600000.007/20/11,1328.660034,1330.430054,1323.650024,1325.839966,1325.839966,3767420000.007/21/11,1325.650024,1347,1325.650024,1343.800049,1343.800049,4837430000.007/22/11,1343.800049,1346.099976,1336.949951,1345.02002,1345.02002,3522830000.007/25/11,1344.319946,1344.319946,1331.089966,1337.430054,1337.430054,3536890000.007/26/11,1337.390015,1338.51001,1329.589966,1331.939941,1331.939941,4007050000.007/27/11,1331.910034,1331.910034,1303.48999,1304.890015,1304.890015,3479040000.007/28/11,1304.839966,1316.319946,1299.160034,1300.670044,1300.670044,4951800000.007/29/11,1300.119995,1304.160034,1282.859985,1292.280029,1292.280029,5061190000.008/1/11,1292.589966,1307.380005,1274.72998,1286.939941,1286.939941,4967390000.008/2/11,1286.560059,1286.560059,1254.030029,1254.050049,1254.050049,5206290000.008/3/11,1254.25,1261.199951,1234.560059,1260.339966,1260.339966,6446940000.008/4/11,1260.22998,1260.22998,1199.540039,1200.069946,1200.069946,4266530000.008/5/11,1200.280029,1218.109985,1168.089966,1199.380005,1199.380005,5454590000.008/8/11,1198.47998,1198.47998,1119.280029,1119.459961,1119.459961,2615150000.008/9/11,1120.22998,1172.880005,1101.540039,1172.530029,1172.530029,2366660000.008/10/11,1171.77002,1171.77002,1118.01001,1120.76001,1120.76001,5018070000.008/11/11,1121.300049,1186.290039,1121.300049,1172.640015,1172.640015,3685050000.008/12/11,1172.869995,1189.040039,1170.73999,1178.810059,1178.810059,5640380000.008/15/11,1178.859985,1204.48999,1178.859985,1204.48999,1204.48999,4272850000.008/16/11,1204.219971,1204.219971,1180.530029,1192.76001,1192.76001,5071600000.008/17/11,1192.890015,1208.469971,1184.359985,1193.890015,1193.890015,4388340000.008/18/11,1189.619995,1189.619995,1131.030029,1140.650024,1140.650024,3234810000.008/19/11,1140.469971,1154.540039,1122.050049,1123.530029,1123.530029,5167560000.008/22/11,1123.550049,1145.48999,1121.089966,1123.819946,1123.819946,5436260000.008/23/11,1124.359985,1162.349976,1124.359985,1162.349976,1162.349976,5013170000.008/24/11,1162.160034,1178.560059,1156.300049,1177.599976,1177.599976,5315310000.008/25/11,1176.689941,1190.680054,1155.469971,1159.27002,1159.27002,5748420000.008/26/11,1158.849976,1181.22998,1135.910034,1176.800049,1176.800049,5035320000.008/29/11,1177.910034,1210.280029,1177.910034,1210.079956,1210.079956,4228070000.008/30/11,1209.76001,1220.099976,1195.77002,1212.920044,1212.920044,4572570000.008/31/11,1213,1230.709961,1209.349976,1218.890015,1218.890015,5267840000.009/1/11,1219.119995,1229.290039,1203.849976,1204.420044,1204.420044,4780410000.009/2/11,1203.900024,1203.900024,1170.560059,1173.969971,1173.969971,4401740000.009/6/11,1173.969971,1173.969971,1140.130005,1165.23999,1165.23999,5103980000.009/7/11,1165.849976,1198.619995,1165.849976,1198.619995,1198.619995,4441040000.009/8/11,1197.97998,1204.400024,1183.339966,1185.900024,1185.900024,4465170000.009/9/11,1185.369995,1185.369995,1148.369995,1154.22998,1154.22998,4586370000.009/12/11,1153.5,1162.52002,1136.069946,1162.27002,1162.27002,5168550000.009/13/11,1162.589966,1176.410034,1157.439941,1172.869995,1172.869995,4681370000.009/14/11,1173.319946,1202.380005,1162.72998,1188.680054,1188.680054,4986740000.009/15/11,1189.439941,1209.109985,1189.439941,1209.109985,1209.109985,4479730000.009/16/11,1209.209961,1220.060059,1204.459961,1216.01001,1216.01001,5248890000.009/19/11,1214.98999,1214.98999,1188.359985,1204.089966,1204.089966,4254190000.009/20/11,1204.5,1220.390015,1201.290039,1202.089966,1202.089966,4315610000.009/21/11,1203.630005,1206.300049,1166.209961,1166.76001,1166.76001,4728550000.009/22/11,1164.550049,1164.550049,1114.219971,1129.560059,1129.560059,6703140000.009/23/11,1128.819946,1141.719971,1121.359985,1136.430054,1136.430054,5639930000.009/26/11,1136.910034,1164.189941,1131.069946,1162.949951,1162.949951,4762830000.009/27/11,1163.319946,1195.859985,1163.319946,1175.380005,1175.380005,5548130000.009/28/11,1175.390015,1184.709961,1150.400024,1151.060059,1151.060059,4787920000.009/29/11,1151.73999,1175.869995,1139.930054,1160.400024,1160.400024,5285740000.009/30/11,1159.930054,1159.930054,1131.339966,1131.420044,1131.420044,4416790000.0010/3/11,1131.209961,1138.98999,1098.920044,1099.22998,1099.22998,5670340000.0010/4/11,1097.420044,1125.119995,1074.77002,1123.949951,1123.949951,3714670000.0010/5/11,1124.030029,1146.069946,1115.680054,1144.030029,1144.030029,2510620000.0010/6/11,1144.109985,1165.550049,1134.949951,1164.969971,1164.969971,5098330000.0010/7/11,1165.030029,1171.400024,1150.26001,1155.459961,1155.459961,5580380000.0010/10/11,1158.150024,1194.910034,1158.150024,1194.890015,1194.890015,4446800000.0010/11/11,1194.599976,1199.23999,1187.300049,1195.540039,1195.540039,4424500000.0010/12/11,1196.189941,1220.25,1196.189941,1207.25,1207.25,5355360000.0010/13/11,1206.959961,1207.459961,1190.579956,1203.660034,1203.660034,4436270000.0010/14/11,1205.650024,1224.609985,1205.650024,1224.579956,1224.579956,4116690000.0010/17/11,1224.469971,1224.469971,1198.550049,1200.859985,1200.859985,4300700000.0010/18/11,1200.75,1233.099976,1191.47998,1225.380005,1225.380005,4840170000.0010/19/11,1223.459961,1229.640015,1206.310059,1209.880005,1209.880005,4846390000.0010/20/11,1209.920044,1219.530029,1197.339966,1215.390015,1215.390015,4870290000.0010/21/11,1215.390015,1239.030029,1215.390015,1238.25,1238.25,4980770000.0010/24/11,1238.719971,1256.550049,1238.719971,1254.189941,1254.189941,4309380000.0010/25/11,1254.189941,1254.189941,1226.790039,1229.050049,1229.050049,4473970000.0010/26/11,1229.170044,1246.280029,1221.060059,1242,1242,4873530000.0010/27/11,1243.969971,1292.660034,1243.969971,1284.589966,1284.589966,6367610000.0010/28/11,1284.390015,1287.079956,1277.01001,1285.089966,1285.089966,4536690000.0010/31/11,1284.959961,1284.959961,1253.160034,1253.300049,1253.300049,4310210000.0011/1/11,1251,1251,1215.420044,1218.280029,1218.280029,5645540000.0011/2/11,1219.619995,1242.47998,1219.619995,1237.900024,1237.900024,4110530000.0011/3/11,1238.25,1263.209961,1234.810059,1261.150024,1261.150024,4849140000.0011/4/11,1260.819946,1260.819946,1238.920044,1253.22998,1253.22998,3830650000.0011/7/11,1253.209961,1261.699951,1240.75,1261.119995,1261.119995,3429740000.0011/8/11,1261.119995,1277.550049,1254.98999,1275.920044,1275.920044,3908490000.0011/9/11,1275.180054,1275.180054,1226.640015,1229.099976,1229.099976,4659740000.0011/10/11,1229.589966,1246.219971,1227.699951,1239.699951,1239.699951,4002760000.0011/11/11,1240.119995,1266.97998,1240.119995,1263.849976,1263.849976,3370180000.0011/14/11,1263.849976,1263.849976,1246.680054,1251.780029,1251.780029,3219680000.0011/15/11,1251.699951,1264.25,1244.339966,1257.810059,1257.810059,3599300000.0011/16/11,1257.810059,1259.609985,1235.670044,1236.910034,1236.910034,4085010000.0011/17/11,1236.560059,1237.72998,1209.430054,1216.130005,1216.130005,4596450000.0011/18/11,1216.189941,1223.51001,1211.359985,1215.650024,1215.650024,3827610000.0011/21/11,1215.619995,1215.619995,1183.160034,1192.97998,1192.97998,4050070000.0011/22/11,1192.97998,1196.810059,1181.650024,1188.040039,1188.040039,3911710000.0011/23/11,1187.47998,1187.47998,1161.790039,1161.790039,1161.790039,3798940000.0011/25/11,1161.410034,1172.660034,1158.660034,1158.670044,1158.670044,1664200000.0011/28/11,1158.670044,1197.349976,1158.670044,1192.550049,1192.550049,3920750000.0011/29/11,1192.560059,1203.670044,1191.800049,1195.189941,1195.189941,3992650000.0011/30/11,1196.719971,1247.109985,1196.719971,1246.959961,1246.959961,5801910000.0012/1/11,1246.910034,1251.089966,1239.72998,1244.579956,1244.579956,3818680000.0012/2/11,1246.030029,1260.079956,1243.349976,1244.280029,1244.280029,4144310000.0012/5/11,1244.329956,1266.72998,1244.329956,1257.079956,1257.079956,4148060000.0012/6/11,1257.189941,1266.030029,1253.030029,1258.469971,1258.469971,3734230000.0012/7/11,1258.140015,1267.060059,1244.800049,1261.01001,1261.01001,4160540000.0012/8/11,1260.869995,1260.869995,1231.469971,1234.349976,1234.349976,4298370000.0012/9/11,1234.47998,1258.25,1234.47998,1255.189941,1255.189941,3830610000.0012/12/11,1255.050049,1255.050049,1227.25,1236.469971,1236.469971,3600570000.0012/13/11,1236.829956,1249.859985,1219.430054,1225.72998,1225.72998,4121570000.0012/14/11,1225.72998,1225.72998,1209.469971,1211.819946,1211.819946,4298290000.0012/15/11,1212.119995,1225.599976,1212.119995,1215.75,1215.75,3810340000.0012/16/11,1216.089966,1231.040039,1215.199951,1219.660034,1219.660034,5345800000.0012/19/11,1219.73999,1224.569946,1202.369995,1205.349976,1205.349976,3659820000.0012/20/11,1205.719971,1242.819946,1205.719971,1241.300049,1241.300049,4055590000.0012/21/11,1241.25,1245.089966,1229.51001,1243.719971,1243.719971,2959020000.0012/22/11,1243.719971,1255.219971,1243.719971,1254,1254,3492250000.0012/23/11,1254,1265.420044,1254,1265.329956,1265.329956,2233830000.0012/27/11,1265.02002,1269.369995,1262.300049,1265.430054,1265.430054,2130590000.0012/28/11,1265.380005,1265.849976,1248.640015,1249.640015,1249.640015,2349980000.0012/29/11,1249.75,1263.540039,1249.75,1263.02002,1263.02002,2278130000.0012/30/11,1262.819946,1264.119995,1257.459961,1257.599976,1257.599976,2271850000.001/3/12,1258.859985,1284.619995,1258.859985,1277.060059,1277.060059,3943710000.001/4/12,1277.030029,1278.72998,1268.099976,1277.300049,1277.300049,3592580000.001/5/12,1277.300049,1283.050049,1265.26001,1281.060059,1281.060059,4315950000.001/6/12,1280.930054,1281.839966,1273.339966,1277.810059,1277.810059,3656830000.001/9/12,1277.829956,1281.98999,1274.550049,1280.699951,1280.699951,3371600000.001/10/12,1280.77002,1296.459961,1280.77002,1292.079956,1292.079956,4221960000.001/11/12,1292.02002,1293.800049,1285.410034,1292.47998,1292.47998,3968120000.001/12/12,1292.47998,1296.819946,1285.77002,1295.5,1295.5,4019890000.001/13/12,1294.819946,1294.819946,1277.579956,1289.089966,1289.089966,3692370000.001/17/12,1290.219971,1303,1290.219971,1293.670044,1293.670044,4010490000.001/18/12,1293.650024,1308.109985,1290.98999,1308.040039,1308.040039,4096160000.001/19/12,1308.069946,1315.48999,1308.069946,1314.5,1314.5,4465890000.001/20/12,1314.48999,1315.380005,1309.170044,1315.380005,1315.380005,3912620000.001/23/12,1315.290039,1322.280029,1309.890015,1316,1316,3770910000.001/24/12,1315.959961,1315.959961,1306.060059,1314.650024,1314.650024,3693560000.001/25/12,1314.400024,1328.300049,1307.650024,1326.060059,1326.060059,4410910000.001/26/12,1326.280029,1333.469971,1313.599976,1318.430054,1318.430054,4522070000.001/27/12,1318.25,1320.060059,1311.719971,1316.329956,1316.329956,4007380000.001/30/12,1316.160034,1316.160034,1300.48999,1313.01001,1313.01001,3659010000.001/31/12,1313.530029,1321.410034,1306.689941,1312.410034,1312.410034,4235550000.002/1/12,1312.449951,1330.52002,1312.449951,1324.089966,1324.089966,4504360000.002/2/12,1324.23999,1329.189941,1321.569946,1325.540039,1325.540039,4120920000.002/3/12,1326.209961,1345.339966,1326.209961,1344.900024,1344.900024,4608550000.002/6/12,1344.319946,1344.359985,1337.52002,1344.329956,1344.329956,3379700000.002/7/12,1344.329956,1349.23999,1335.920044,1347.050049,1347.050049,3742460000.002/8/12,1347.040039,1351,1341.949951,1349.959961,1349.959961,4096730000.002/9/12,1349.969971,1354.319946,1344.630005,1351.949951,1351.949951,4209890000.002/10/12,1351.209961,1351.209961,1337.349976,1342.640015,1342.640015,3877580000.002/13/12,1343.060059,1353.349976,1343.060059,1351.77002,1351.77002,3618040000.002/14/12,1351.300049,1351.300049,1340.829956,1350.5,1350.5,3889520000.002/15/12,1350.52002,1355.869995,1340.800049,1343.22998,1343.22998,4080340000.002/16/12,1342.609985,1359.02002,1341.219971,1358.040039,1358.040039,4108880000.002/17/12,1358.060059,1363.400024,1357.23999,1361.22998,1361.22998,3717640000.002/21/12,1361.219971,1367.76001,1358.109985,1362.209961,1362.209961,3795200000.002/22/12,1362.109985,1362.699951,1355.530029,1357.660034,1357.660034,3633710000.002/23/12,1357.530029,1364.23999,1352.280029,1363.459961,1363.459961,3786450000.002/24/12,1363.459961,1368.920044,1363.459961,1365.73999,1365.73999,3505360000.002/27/12,1365.199951,1371.939941,1354.920044,1367.589966,1367.589966,3648890000.002/28/12,1367.560059,1373.089966,1365.969971,1372.180054,1372.180054,3579120000.002/29/12,1372.199951,1378.040039,1363.810059,1365.680054,1365.680054,4482370000.003/1/12,1365.900024,1376.170044,1365.900024,1374.089966,1374.089966,3919240000.003/2/12,1374.089966,1374.530029,1366.420044,1369.630005,1369.630005,3283490000.003/5/12,1369.589966,1369.589966,1359.130005,1364.329956,1364.329956,3429480000.003/6/12,1363.630005,1363.630005,1340.030029,1343.359985,1343.359985,4191060000.003/7/12,1343.390015,1354.849976,1343.390015,1352.630005,1352.630005,3580380000.003/8/12,1352.650024,1368.719971,1352.650024,1365.910034,1365.910034,3543060000.003/9/12,1365.969971,1374.76001,1365.969971,1370.869995,1370.869995,3639470000.003/12/12,1370.780029,1373.040039,1366.689941,1371.089966,1371.089966,3081870000.003/13/12,1371.920044,1396.130005,1371.920044,1395.949951,1395.949951,4386470000.003/14/12,1395.949951,1399.420044,1389.969971,1394.280029,1394.280029,4502280000.003/15/12,1394.170044,1402.630005,1392.780029,1402.599976,1402.599976,4271650000.003/16/12,1402.550049,1405.880005,1401.469971,1404.170044,1404.170044,5163950000.003/19/12,1404.170044,1414,1402.430054,1409.75,1409.75,3932570000.003/20/12,1409.589966,1409.589966,1397.680054,1405.52002,1405.52002,3695280000.003/21/12,1405.52002,1407.75,1400.640015,1402.890015,1402.890015,3573590000.003/22/12,1402.890015,1402.890015,1388.72998,1392.780029,1392.780029,3740590000.003/23/12,1392.780029,1399.180054,1386.869995,1397.109985,1397.109985,3472950000.003/26/12,1397.109985,1416.579956,1397.109985,1416.51001,1416.51001,3576950000.003/27/12,1416.550049,1419.150024,1411.949951,1412.52002,1412.52002,3513640000.003/28/12,1412.52002,1413.650024,1397.199951,1405.540039,1405.540039,3892800000.003/29/12,1405.390015,1405.390015,1391.560059,1403.280029,1403.280029,3832000000.003/30/12,1403.310059,1410.890015,1401.420044,1408.469971,1408.469971,3676890000.004/2/12,1408.469971,1422.380005,1404.459961,1419.040039,1419.040039,3572010000.004/3/12,1418.97998,1419,1404.619995,1413.380005,1413.380005,3822090000.004/4/12,1413.089966,1413.089966,1394.089966,1398.959961,1398.959961,3938290000.004/5/12,1398.790039,1401.599976,1392.920044,1398.079956,1398.079956,3303740000.004/9/12,1397.449951,1397.449951,1378.23999,1382.199951,1382.199951,3468980000.004/10/12,1382.180054,1383.01001,1357.380005,1358.589966,1358.589966,4631730000.004/11/12,1358.97998,1374.709961,1358.97998,1368.709961,1368.709961,3743040000.004/12/12,1368.77002,1388.130005,1368.77002,1387.569946,1387.569946,3618280000.004/13/12,1387.609985,1387.609985,1369.849976,1370.26001,1370.26001,3631160000.004/16/12,1370.27002,1379.660034,1365.380005,1369.569946,1369.569946,3574780000.004/17/12,1369.569946,1392.76001,1369.569946,1390.780029,1390.780029,3456200000.004/18/12,1390.780029,1390.780029,1383.290039,1385.140015,1385.140015,3463140000.004/19/12,1385.079956,1390.459961,1370.300049,1376.920044,1376.920044,4180020000.004/20/12,1376.959961,1387.400024,1376.959961,1378.530029,1378.530029,3833320000.004/23/12,1378.530029,1378.530029,1358.790039,1366.939941,1366.939941,3654860000.004/24/12,1366.969971,1375.569946,1366.819946,1371.969971,1371.969971,3617100000.004/25/12,1372.109985,1391.369995,1372.109985,1390.689941,1390.689941,3998430000.004/26/12,1390.640015,1402.089966,1387.280029,1399.97998,1399.97998,4034700000.004/27/12,1400.189941,1406.640015,1397.310059,1403.359985,1403.359985,3645830000.004/30/12,1403.26001,1403.26001,1394,1397.910034,1397.910034,3574010000.005/1/12,1397.859985,1415.319946,1395.72998,1405.819946,1405.819946,3807950000.005/2/12,1405.5,1405.5,1393.920044,1402.310059,1402.310059,3803860000.005/3/12,1402.319946,1403.069946,1388.709961,1391.569946,1391.569946,4004910000.005/4/12,1391.51001,1391.51001,1367.959961,1369.099976,1369.099976,3975140000.005/7/12,1368.790039,1373.910034,1363.939941,1369.579956,1369.579956,3559390000.005/8/12,1369.160034,1369.160034,1347.75,1363.719971,1363.719971,4261670000.005/9/12,1363.199951,1363.72998,1343.130005,1354.579956,1354.579956,4288540000.005/10/12,1354.579956,1365.880005,1354.579956,1357.98999,1357.98999,3727990000.005/11/12,1358.109985,1365.660034,1348.890015,1353.390015,1353.390015,3869070000.005/14/12,1351.930054,1351.930054,1336.609985,1338.349976,1338.349976,3688120000.005/15/12,1338.359985,1344.939941,1328.410034,1330.660034,1330.660034,4114040000.005/16/12,1330.780029,1341.780029,1324.790039,1324.800049,1324.800049,4280420000.005/17/12,1324.819946,1326.359985,1304.859985,1304.859985,1304.859985,4664280000.005/18/12,1305.050049,1312.23999,1291.97998,1295.219971,1295.219971,4512470000.005/21/12,1295.72998,1316.390015,1295.72998,1315.98999,1315.98999,3786750000.005/22/12,1316.089966,1328.48999,1310.040039,1316.630005,1316.630005,4123680000.005/23/12,1316.02002,1320.709961,1296.530029,1318.859985,1318.859985,4108330000.005/24/12,1318.719971,1324.140015,1310.5,1320.680054,1320.680054,3937670000.005/25/12,1320.810059,1324.199951,1314.22998,1317.819946,1317.819946,2872660000.005/29/12,1318.900024,1334.930054,1318.900024,1332.420044,1332.420044,3441640000.005/30/12,1331.25,1331.25,1310.76001,1313.319946,1313.319946,3534290000.005/31/12,1313.089966,1319.73999,1298.900024,1310.329956,1310.329956,4557620000.006/1/12,1309.869995,1309.869995,1277.25,1278.040039,1278.040039,4669350000.006/4/12,1278.290039,1282.550049,1266.73999,1278.180054,1278.180054,4011960000.006/5/12,1277.819946,1287.619995,1274.160034,1285.5,1285.5,3403230000.006/6/12,1285.609985,1315.130005,1285.609985,1315.130005,1315.130005,4268360000.006/7/12,1316.150024,1329.050049,1312.680054,1314.98999,1314.98999,4258140000.006/8/12,1314.98999,1325.810059,1307.77002,1325.660034,1325.660034,3497190000.006/11/12,1325.719971,1335.52002,1307.72998,1308.930054,1308.930054,3537530000.006/12/12,1309.400024,1324.310059,1306.619995,1324.180054,1324.180054,3442920000.006/13/12,1324.02002,1327.280029,1310.51001,1314.880005,1314.880005,3506510000.006/14/12,1314.880005,1333.680054,1314.140015,1329.099976,1329.099976,3687720000.006/15/12,1329.189941,1343.319946,1329.189941,1342.839966,1342.839966,4401570000.006/18/12,1342.420044,1348.219971,1334.459961,1344.780029,1344.780029,3259430000.006/19/12,1344.829956,1363.459961,1344.829956,1357.97998,1357.97998,3815350000.006/20/12,1358.040039,1361.569946,1346.449951,1355.689941,1355.689941,3695700000.006/21/12,1355.430054,1358.27002,1324.410034,1325.51001,1325.51001,4094470000.006/22/12,1325.920044,1337.819946,1325.920044,1335.02002,1335.02002,5271490000.006/25/12,1334.900024,1334.900024,1309.27002,1313.719971,1313.719971,3501820000.006/26/12,1314.089966,1324.23999,1310.300049,1319.98999,1319.98999,3412940000.006/27/12,1320.709961,1334.400024,1320.709961,1331.849976,1331.849976,3286910000.006/28/12,1331.52002,1331.52002,1313.290039,1329.040039,1329.040039,3969370000.006/29/12,1330.119995,1362.170044,1330.119995,1362.160034,1362.160034,4590480000.007/2/12,1362.329956,1366.349976,1355.699951,1365.51001,1365.51001,3301650000.007/3/12,1365.75,1374.810059,1363.530029,1374.02002,1374.02002,2116390000.007/5/12,1373.719971,1373.849976,1363.02002,1367.579956,1367.579956,3041520000.007/6/12,1367.089966,1367.089966,1348.030029,1354.680054,1354.680054,2745140000.007/9/12,1354.660034,1354.869995,1346.650024,1352.459961,1352.459961,2904860000.007/10/12,1352.959961,1361.540039,1336.27002,1341.469971,1341.469971,3470600000.007/11/12,1341.400024,1345,1333.25,1341.449951,1341.449951,3426290000.007/12/12,1341.290039,1341.290039,1325.410034,1334.76001,1334.76001,3654440000.007/13/12,1334.810059,1357.699951,1334.810059,1356.780029,1356.780029,3212930000.007/16/12,1356.5,1357.26001,1348.51001,1353.640015,1353.640015,2862720000.007/17/12,1353.680054,1365.359985,1345.069946,1363.670044,1363.670044,3566680000.007/18/12,1363.579956,1375.26001,1358.959961,1372.780029,1372.780029,3642630000.007/19/12,1373.01001,1380.390015,1371.209961,1376.51001,1376.51001,4043360000.007/20/12,1376.51001,1376.51001,1362.189941,1362.660034,1362.660034,3925020000.007/23/12,1362.339966,1362.339966,1337.560059,1350.52002,1350.52002,3717180000.007/24/12,1350.52002,1351.530029,1329.23999,1338.310059,1338.310059,3891290000.007/25/12,1338.349976,1343.97998,1331.5,1337.890015,1337.890015,3719170000.007/26/12,1338.170044,1363.130005,1338.170044,1360.02002,1360.02002,4429300000.007/27/12,1360.050049,1389.189941,1360.050049,1385.969971,1385.969971,4399010000.007/30/12,1385.939941,1391.73999,1381.369995,1385.300049,1385.300049,3212060000.007/31/12,1385.27002,1387.160034,1379.170044,1379.319946,1379.319946,3821570000.008/1/12,1379.319946,1385.030029,1373.349976,1375.319946,1375.319946,4440920000.008/2/12,1375.130005,1375.130005,1354.650024,1365,1365,4193740000.008/3/12,1365.449951,1394.160034,1365.449951,1390.98999,1390.98999,3751170000.008/6/12,1391.040039,1399.630005,1391.040039,1394.22998,1394.22998,3122050000.008/7/12,1394.459961,1407.140015,1394.459961,1401.349976,1401.349976,3682490000.008/8/12,1401.22998,1404.140015,1396.130005,1402.219971,1402.219971,3221790000.008/9/12,1402.26001,1405.949951,1398.800049,1402.800049,1402.800049,3119610000.008/10/12,1402.579956,1405.97998,1395.619995,1405.869995,1405.869995,2767980000.008/13/12,1405.869995,1405.869995,1397.319946,1404.109985,1404.109985,2499990000.008/14/12,1404.359985,1410.030029,1400.599976,1403.930054,1403.930054,2930900000.008/15/12,1403.890015,1407.72998,1401.829956,1405.530029,1405.530029,2655750000.008/16/12,1405.569946,1417.439941,1404.150024,1415.51001,1415.51001,3114100000.008/17/12,1415.839966,1418.709961,1414.670044,1418.160034,1418.160034,2922990000.008/20/12,1417.849976,1418.130005,1412.119995,1418.130005,1418.130005,2766320000.008/21/12,1418.130005,1426.680054,1410.859985,1413.170044,1413.170044,3282950000.008/22/12,1413.089966,1416.119995,1406.780029,1413.48999,1413.48999,3062690000.008/23/12,1413.48999,1413.48999,1400.5,1402.079956,1402.079956,3008240000.008/24/12,1401.98999,1413.459961,1398.040039,1411.130005,1411.130005,2598790000.008/27/12,1411.130005,1416.170044,1409.109985,1410.439941,1410.439941,2472500000.008/28/12,1410.439941,1413.630005,1405.589966,1409.300049,1409.300049,2629090000.008/29/12,1409.319946,1413.949951,1406.569946,1410.48999,1410.48999,2571220000.008/30/12,1410.079956,1410.079956,1397.01001,1399.47998,1399.47998,2530280000.008/31/12,1400.069946,1413.089966,1398.959961,1406.579956,1406.579956,2938250000.009/4/12,1406.540039,1409.310059,1396.560059,1404.939941,1404.939941,3200310000.009/5/12,1404.939941,1408.810059,1401.25,1403.439941,1403.439941,3389110000.009/6/12,1403.73999,1432.119995,1403.73999,1432.119995,1432.119995,3952870000.009/7/12,1432.119995,1437.920044,1431.449951,1437.920044,1437.920044,3717620000.009/10/12,1437.920044,1438.73999,1428.97998,1429.079956,1429.079956,3223670000.009/11/12,1429.130005,1437.76001,1429.130005,1433.560059,1433.560059,3509630000.009/12/12,1433.560059,1439.150024,1432.98999,1436.560059,1436.560059,3641200000.009/13/12,1436.560059,1463.76001,1435.339966,1459.98999,1459.98999,4606550000.009/14/12,1460.069946,1474.51001,1460.069946,1465.77002,1465.77002,5041990000.009/17/12,1465.420044,1465.630005,1457.550049,1461.189941,1461.189941,3482430000.009/18/12,1461.189941,1461.469971,1456.130005,1459.319946,1459.319946,3377390000.009/19/12,1459.5,1465.150024,1457.880005,1461.050049,1461.050049,3451360000.009/20/12,1461.050049,1461.22998,1449.97998,1460.26001,1460.26001,3382520000.009/21/12,1460.339966,1467.069946,1459.51001,1460.150024,1460.150024,4833870000.009/24/12,1459.76001,1460.719971,1452.060059,1456.890015,1456.890015,3008920000.009/25/12,1456.939941,1463.23999,1441.589966,1441.589966,1441.589966,3739900000.009/26/12,1441.599976,1441.599976,1430.530029,1433.319946,1433.319946,3565380000.009/27/12,1433.359985,1450.199951,1433.359985,1447.150024,1447.150024,3150330000.009/28/12,1447.130005,1447.130005,1435.599976,1440.670044,1440.670044,3509230000.0010/1/12,1440.900024,1457.140015,1440.900024,1444.48999,1444.48999,3505080000.0010/2/12,1444.98999,1451.52002,1439.01001,1445.75,1445.75,3321790000.0010/3/12,1446.050049,1454.300049,1441.98999,1450.98999,1450.98999,3531640000.0010/4/12,1451.079956,1463.140015,1451.079956,1461.400024,1461.400024,3615860000.0010/5/12,1461.400024,1470.959961,1456.890015,1460.930054,1460.930054,3172940000.0010/8/12,1460.930054,1460.930054,1453.099976,1455.880005,1455.880005,2328720000.0010/9/12,1455.900024,1455.900024,1441.180054,1441.47998,1441.47998,3216320000.0010/10/12,1441.47998,1442.52002,1430.640015,1432.560059,1432.560059,3225060000.0010/11/12,1432.819946,1443.900024,1432.819946,1432.839966,1432.839966,3672540000.0010/12/12,1432.839966,1438.430054,1425.530029,1428.589966,1428.589966,3134750000.0010/15/12,1428.75,1441.310059,1427.23999,1440.130005,1440.130005,3483810000.0010/16/12,1440.310059,1455.51001,1440.310059,1454.920044,1454.920044,3568770000.0010/17/12,1454.219971,1462.199951,1453.349976,1460.910034,1460.910034,3655320000.0010/18/12,1460.939941,1464.02002,1452.630005,1457.339966,1457.339966,3880030000.0010/19/12,1457.339966,1457.339966,1429.849976,1433.189941,1433.189941,3875170000.0010/22/12,1433.209961,1435.459961,1422.060059,1433.819946,1433.819946,3216220000.0010/23/12,1433.73999,1433.73999,1407.560059,1413.109985,1413.109985,3587670000.0010/24/12,1413.199951,1420.040039,1407.099976,1408.75,1408.75,3385970000.0010/25/12,1409.73999,1421.119995,1405.140015,1412.969971,1412.969971,3512640000.0010/26/12,1412.969971,1417.089966,1403.280029,1411.939941,1411.939941,3284910000.0010/31/12,1410.98999,1418.76001,1405.949951,1412.160034,1412.160034,3577110000.0011/1/12,1412.199951,1428.349976,1412.199951,1427.589966,1427.589966,3929890000.0011/2/12,1427.589966,1434.27002,1412.910034,1414.199951,1414.199951,3732480000.0011/5/12,1414.02002,1419.900024,1408.130005,1417.26001,1417.26001,2921040000.0011/6/12,1417.26001,1433.380005,1417.26001,1428.390015,1428.390015,3306970000.0011/7/12,1428.27002,1428.27002,1388.140015,1394.530029,1394.530029,4356490000.0011/8/12,1394.530029,1401.22998,1377.51001,1377.51001,1377.51001,3779520000.0011/9/12,1377.550049,1391.390015,1373.030029,1379.849976,1379.849976,3647350000.0011/12/12,1379.859985,1384.869995,1377.189941,1380.030029,1380.030029,2567540000.0011/13/12,1380.030029,1388.810059,1371.390015,1374.530029,1374.530029,3455550000.0011/14/12,1374.640015,1380.130005,1352.5,1355.48999,1355.48999,4109510000.0011/15/12,1355.410034,1360.619995,1348.050049,1353.329956,1353.329956,3928870000.0011/16/12,1353.359985,1362.030029,1343.349976,1359.880005,1359.880005,4045910000.0011/19/12,1359.880005,1386.890015,1359.880005,1386.890015,1386.890015,3374800000.0011/20/12,1386.819946,1389.77002,1377.040039,1387.810059,1387.810059,3207160000.0011/21/12,1387.790039,1391.25,1386.390015,1391.030029,1391.030029,2667090000.0011/23/12,1391.030029,1409.160034,1391.030029,1409.150024,1409.150024,1504960000.0011/26/12,1409.150024,1409.150024,1397.680054,1406.290039,1406.290039,2948960000.0011/27/12,1406.290039,1409.01001,1398.030029,1398.939941,1398.939941,3323120000.0011/28/12,1398.77002,1410.310059,1385.430054,1409.930054,1409.930054,3359250000.0011/29/12,1409.959961,1419.699951,1409.040039,1415.949951,1415.949951,3356850000.0011/30/12,1415.949951,1418.859985,1411.630005,1416.180054,1416.180054,3966000000.0012/3/12,1416.339966,1423.72998,1408.459961,1409.459961,1409.459961,3074280000.0012/4/12,1409.459961,1413.140015,1403.650024,1407.050049,1407.050049,3247710000.0012/5/12,1407.050049,1415.560059,1398.22998,1409.280029,1409.280029,4253920000.0012/6/12,1409.430054,1413.949951,1405.930054,1413.939941,1413.939941,3229700000.0012/7/12,1413.949951,1420.339966,1410.900024,1418.069946,1418.069946,3125160000.0012/10/12,1418.069946,1421.640015,1415.640015,1418.550049,1418.550049,2999430000.0012/11/12,1418.550049,1434.27002,1418.550049,1427.839966,1427.839966,3650230000.0012/12/12,1427.839966,1438.589966,1426.76001,1428.47998,1428.47998,3709050000.0012/13/12,1428.47998,1431.359985,1416,1419.449951,1419.449951,3349960000.0012/14/12,1419.449951,1419.449951,1411.880005,1413.579956,1413.579956,3210170000.0012/17/12,1413.540039,1430.670044,1413.540039,1430.359985,1430.359985,3455610000.0012/18/12,1430.469971,1448,1430.469971,1446.790039,1446.790039,4302240000.0012/19/12,1446.790039,1447.75,1435.800049,1435.810059,1435.810059,3869800000.0012/20/12,1435.810059,1443.699951,1432.819946,1443.689941,1443.689941,3686580000.0012/21/12,1443.670044,1443.670044,1422.579956,1430.150024,1430.150024,5229160000.0012/24/12,1430.150024,1430.150024,1424.660034,1426.660034,1426.660034,1248960000.0012/26/12,1426.660034,1429.420044,1416.430054,1419.829956,1419.829956,2285030000.0012/27/12,1419.829956,1422.800049,1401.800049,1418.099976,1418.099976,2830180000.0012/28/12,1418.099976,1418.099976,1401.579956,1402.430054,1402.430054,2426680000.0012/31/12,1402.430054,1426.73999,1398.109985,1426.189941,1426.189941,3204330000.001/2/13,1426.189941,1462.430054,1426.189941,1462.420044,1462.420044,4202600000.001/3/13,1462.420044,1465.469971,1455.530029,1459.369995,1459.369995,3829730000.001/4/13,1459.369995,1467.939941,1458.98999,1466.469971,1466.469971,3424290000.001/7/13,1466.469971,1466.469971,1456.619995,1461.890015,1461.890015,3304970000.001/8/13,1461.890015,1461.890015,1451.640015,1457.150024,1457.150024,3601600000.001/9/13,1457.150024,1464.72998,1457.150024,1461.02002,1461.02002,3674390000.001/10/13,1461.02002,1472.300049,1461.02002,1472.119995,1472.119995,4081840000.001/11/13,1472.119995,1472.75,1467.579956,1472.050049,1472.050049,3340650000.001/14/13,1472.050049,1472.050049,1465.689941,1470.680054,1470.680054,3003010000.001/15/13,1470.670044,1473.310059,1463.76001,1472.339966,1472.339966,3135350000.001/16/13,1472.329956,1473.959961,1467.599976,1472.630005,1472.630005,3384080000.001/17/13,1472.630005,1485.160034,1472.630005,1480.939941,1480.939941,3706710000.001/18/13,1480.949951,1485.97998,1475.810059,1485.97998,1485.97998,3795740000.001/22/13,1485.97998,1492.560059,1481.160034,1492.560059,1492.560059,3570950000.001/23/13,1492.560059,1496.130005,1489.900024,1494.810059,1494.810059,3552010000.001/24/13,1494.810059,1502.27002,1489.459961,1494.819946,1494.819946,3699430000.001/25/13,1494.819946,1503.26001,1494.819946,1502.959961,1502.959961,3476290000.001/28/13,1502.959961,1503.22998,1496.329956,1500.180054,1500.180054,3388540000.001/29/13,1500.180054,1509.349976,1498.089966,1507.839966,1507.839966,3949640000.001/30/13,1507.839966,1509.939941,1500.109985,1501.959961,1501.959961,3726810000.001/31/13,1501.959961,1504.189941,1496.76001,1498.109985,1498.109985,3999880000.002/1/13,1498.109985,1514.410034,1498.109985,1513.170044,1513.170044,3836320000.002/4/13,1513.170044,1513.170044,1495.02002,1495.709961,1495.709961,3390000000.002/5/13,1495.709961,1514.959961,1495.709961,1511.290039,1511.290039,3618360000.002/6/13,1511.290039,1512.530029,1504.709961,1512.119995,1512.119995,3611570000.002/7/13,1512.119995,1512.900024,1498.48999,1509.390015,1509.390015,3614580000.002/8/13,1509.390015,1518.310059,1509.390015,1517.930054,1517.930054,2986150000.002/11/13,1517.930054,1518.310059,1513.609985,1517.01001,1517.01001,2684100000.002/12/13,1517.01001,1522.290039,1515.609985,1519.430054,1519.430054,3414370000.002/13/13,1519.430054,1524.689941,1515.930054,1520.329956,1520.329956,3385880000.002/14/13,1520.329956,1523.140015,1514.02002,1521.380005,1521.380005,3759740000.002/15/13,1521.380005,1524.23999,1514.140015,1519.790039,1519.790039,3838510000.002/19/13,1519.790039,1530.939941,1519.790039,1530.939941,1530.939941,3748910000.002/20/13,1530.939941,1530.939941,1511.410034,1511.949951,1511.949951,4240570000.002/21/13,1511.949951,1511.949951,1497.290039,1502.420044,1502.420044,4274600000.002/22/13,1502.420044,1515.640015,1502.420044,1515.599976,1515.599976,3419320000.002/25/13,1515.599976,1525.839966,1487.849976,1487.849976,1487.849976,4011050000.002/26/13,1487.849976,1498.98999,1485.01001,1496.939941,1496.939941,3975280000.002/27/13,1496.939941,1520.079956,1494.880005,1515.98999,1515.98999,3551850000.002/28/13,1515.98999,1525.339966,1514.459961,1514.680054,1514.680054,3912320000.003/1/13,1514.680054,1519.98999,1501.47998,1518.199951,1518.199951,3695610000.003/4/13,1518.199951,1525.27002,1512.290039,1525.199951,1525.199951,3414430000.003/5/13,1525.199951,1543.469971,1525.199951,1539.790039,1539.790039,3610690000.003/6/13,1539.790039,1545.25,1538.109985,1541.459961,1541.459961,3676890000.003/7/13,1541.459961,1545.780029,1541.459961,1544.26001,1544.26001,3634710000.003/8/13,1544.26001,1552.47998,1542.939941,1551.180054,1551.180054,3652260000.003/11/13,1551.150024,1556.27002,1547.359985,1556.219971,1556.219971,3091080000.003/12/13,1556.219971,1556.77002,1548.23999,1552.47998,1552.47998,3274910000.003/13/13,1552.47998,1556.390015,1548.25,1554.52002,1554.52002,3073830000.003/14/13,1554.52002,1563.319946,1554.52002,1563.22998,1563.22998,3459260000.003/15/13,1563.209961,1563.619995,1555.73999,1560.699951,1560.699951,5175850000.003/18/13,1560.699951,1560.699951,1545.130005,1552.099976,1552.099976,3164560000.003/19/13,1552.099976,1557.25,1538.569946,1548.339966,1548.339966,3796210000.003/20/13,1548.339966,1561.560059,1548.339966,1558.709961,1558.709961,3349090000.003/21/13,1558.709961,1558.709961,1543.550049,1545.800049,1545.800049,3243270000.003/22/13,1545.900024,1557.73999,1545.900024,1556.890015,1556.890015,2948380000.003/25/13,1556.890015,1564.910034,1546.219971,1551.689941,1551.689941,3178170000.003/26/13,1551.689941,1563.949951,1551.689941,1563.77002,1563.77002,2869260000.003/27/13,1563.75,1564.069946,1551.900024,1562.849976,1562.849976,2914210000.003/28/13,1562.859985,1570.280029,1561.079956,1569.189941,1569.189941,3304440000.004/1/13,1569.180054,1570.569946,1558.469971,1562.170044,1562.170044,2753110000.004/2/13,1562.170044,1573.660034,1562.170044,1570.25,1570.25,3312160000.004/3/13,1570.25,1571.469971,1549.800049,1553.689941,1553.689941,4060610000.004/4/13,1553.689941,1562.599976,1552.52002,1559.97998,1559.97998,3350670000.004/5/13,1559.97998,1559.97998,1539.5,1553.280029,1553.280029,3515410000.004/8/13,1553.26001,1563.069946,1548.630005,1563.069946,1563.069946,2887120000.004/9/13,1563.109985,1573.890015,1560.920044,1568.609985,1568.609985,3252780000.004/10/13,1568.609985,1589.069946,1568.609985,1587.72998,1587.72998,3453350000.004/11/13,1587.72998,1597.349976,1586.170044,1593.369995,1593.369995,3393950000.004/12/13,1593.300049,1593.300049,1579.969971,1588.849976,1588.849976,3206290000.004/15/13,1588.839966,1588.839966,1552.280029,1552.359985,1552.359985,4660130000.004/16/13,1552.359985,1575.349976,1552.359985,1574.569946,1574.569946,3654700000.004/17/13,1574.569946,1574.569946,1543.689941,1552.01001,1552.01001,4250310000.004/18/13,1552.030029,1554.380005,1536.030029,1541.609985,1541.609985,3890800000.004/19/13,1541.609985,1555.890015,1539.400024,1555.25,1555.25,3569870000.004/22/13,1555.25,1565.550049,1548.189941,1562.5,1562.5,2979880000.004/23/13,1562.5,1579.579956,1562.5,1578.780029,1578.780029,3565150000.004/24/13,1578.780029,1583,1575.800049,1578.790039,1578.790039,3598240000.004/25/13,1578.930054,1592.640015,1578.930054,1585.160034,1585.160034,3908580000.004/26/13,1585.160034,1585.780029,1577.560059,1582.23999,1582.23999,3198620000.004/29/13,1582.339966,1596.650024,1582.339966,1593.609985,1593.609985,2891200000.004/30/13,1593.579956,1597.569946,1586.5,1597.569946,1597.569946,3745070000.005/1/13,1597.550049,1597.550049,1581.280029,1582.699951,1582.699951,3530320000.005/2/13,1582.77002,1598.599976,1582.77002,1597.589966,1597.589966,3366950000.005/3/13,1597.599976,1618.459961,1597.599976,1614.420044,1614.420044,3603910000.005/6/13,1614.400024,1619.77002,1614.209961,1617.5,1617.5,3062240000.005/7/13,1617.550049,1626.030029,1616.640015,1625.959961,1625.959961,3309580000.005/8/13,1625.949951,1632.780029,1622.699951,1632.689941,1632.689941,3554700000.005/9/13,1632.689941,1635.01001,1623.089966,1626.670044,1626.670044,3457400000.005/10/13,1626.689941,1633.699951,1623.709961,1633.699951,1633.699951,3086470000.005/13/13,1632.099976,1636,1626.73999,1633.77002,1633.77002,2910600000.005/14/13,1633.75,1651.099976,1633.75,1650.339966,1650.339966,3457790000.005/15/13,1649.130005,1661.48999,1646.680054,1658.780029,1658.780029,3657440000.005/16/13,1658.069946,1660.51001,1648.599976,1650.469971,1650.469971,3513130000.005/17/13,1652.449951,1667.469971,1652.449951,1667.469971,1667.469971,3440710000.005/20/13,1665.709961,1672.839966,1663.52002,1666.290039,1666.290039,3275080000.005/21/13,1666.199951,1674.930054,1662.670044,1669.160034,1669.160034,3513560000.005/22/13,1669.390015,1687.180054,1648.859985,1655.349976,1655.349976,4361020000.005/23/13,1651.619995,1655.5,1635.530029,1650.51001,1650.51001,3945510000.005/24/13,1646.670044,1649.780029,1636.880005,1649.599976,1649.599976,2758080000.005/28/13,1652.630005,1674.209961,1652.630005,1660.060059,1660.060059,3457400000.005/29/13,1656.569946,1656.569946,1640.050049,1648.359985,1648.359985,3587140000.005/30/13,1649.140015,1661.910034,1648.609985,1654.410034,1654.410034,3498620000.005/31/13,1652.130005,1658.98999,1630.73999,1630.73999,1630.73999,4099600000.006/3/13,1631.709961,1640.420044,1622.719971,1640.420044,1640.420044,3952070000.006/4/13,1640.72998,1646.530029,1623.619995,1631.380005,1631.380005,3653840000.006/5/13,1629.050049,1629.310059,1607.089966,1608.900024,1608.900024,3632350000.006/6/13,1609.290039,1622.560059,1598.22998,1622.560059,1622.560059,3547380000.006/7/13,1625.27002,1644.400024,1625.27002,1643.380005,1643.380005,3371990000.006/10/13,1644.670044,1648.689941,1639.26001,1642.810059,1642.810059,2978730000.006/11/13,1638.640015,1640.130005,1622.920044,1626.130005,1626.130005,3435710000.006/12/13,1629.939941,1637.709961,1610.920044,1612.52002,1612.52002,3202550000.006/13/13,1612.150024,1639.25,1608.069946,1636.359985,1636.359985,3378620000.006/14/13,1635.52002,1640.800049,1623.959961,1626.72998,1626.72998,2939400000.006/17/13,1630.640015,1646.5,1630.339966,1639.040039,1639.040039,3137080000.006/18/13,1639.77002,1654.189941,1639.77002,1651.810059,1651.810059,3120980000.006/19/13,1651.829956,1652.449951,1628.910034,1628.930054,1628.930054,3545060000.006/20/13,1624.619995,1624.619995,1584.319946,1588.189941,1588.189941,4858850000.006/21/13,1588.619995,1599.189941,1577.699951,1592.430054,1592.430054,5797280000.006/24/13,1588.77002,1588.77002,1560.329956,1573.089966,1573.089966,4733660000.006/25/13,1577.52002,1593.790039,1577.089966,1588.030029,1588.030029,3761170000.006/26/13,1592.27002,1606.829956,1592.27002,1603.26001,1603.26001,3558340000.006/27/13,1606.439941,1620.069946,1606.439941,1613.199951,1613.199951,3364540000.006/28/13,1611.119995,1615.939941,1601.060059,1606.280029,1606.280029,4977190000.007/1/13,1609.780029,1626.609985,1609.780029,1614.959961,1614.959961,3104690000.007/2/13,1614.290039,1624.26001,1606.77002,1614.079956,1614.079956,3317130000.007/3/13,1611.47998,1618.969971,1604.569946,1615.410034,1615.410034,1966050000.007/5/13,1618.650024,1632.069946,1614.709961,1631.890015,1631.890015,2634140000.007/8/13,1634.199951,1644.680054,1634.199951,1640.459961,1640.459961,3514590000.007/9/13,1642.890015,1654.180054,1642.890015,1652.319946,1652.319946,3155360000.007/10/13,1651.560059,1657.920044,1647.660034,1652.619995,1652.619995,3011010000.007/11/13,1657.410034,1676.630005,1657.410034,1675.02002,1675.02002,3446340000.007/12/13,1675.26001,1680.189941,1672.329956,1680.189941,1680.189941,3039070000.007/15/13,1679.589966,1684.51001,1677.890015,1682.5,1682.5,2623200000.007/16/13,1682.699951,1683.72998,1671.839966,1676.26001,1676.26001,3081710000.007/17/13,1677.910034,1684.75,1677.910034,1680.910034,1680.910034,3153440000.007/18/13,1681.050049,1693.119995,1681.050049,1689.369995,1689.369995,3452370000.007/19/13,1686.150024,1692.089966,1684.079956,1692.089966,1692.089966,3302580000.007/22/13,1694.410034,1697.609985,1690.670044,1695.530029,1695.530029,2779130000.007/23/13,1696.630005,1698.780029,1691.130005,1692.390015,1692.390015,3096180000.007/24/13,1696.060059,1698.380005,1682.569946,1685.939941,1685.939941,3336120000.007/25/13,1685.209961,1690.939941,1680.069946,1690.25,1690.25,3322500000.007/26/13,1687.310059,1691.849976,1676.030029,1691.650024,1691.650024,2762770000.007/29/13,1690.319946,1690.920044,1681.859985,1685.329956,1685.329956,2840520000.007/30/13,1687.920044,1693.189941,1682.420044,1685.959961,1685.959961,3320530000.007/31/13,1687.76001,1698.430054,1684.939941,1685.72998,1685.72998,3847390000.008/1/13,1689.420044,1707.849976,1689.420044,1706.869995,1706.869995,3775170000.008/2/13,1706.099976,1709.670044,1700.680054,1709.670044,1709.670044,3136630000.008/5/13,1708.01001,1709.23999,1703.550049,1707.140015,1707.140015,2529300000.008/6/13,1705.790039,1705.790039,1693.290039,1697.369995,1697.369995,3141210000.008/7/13,1695.300049,1695.300049,1684.910034,1690.910034,1690.910034,3010230000.008/8/13,1693.349976,1700.180054,1688.380005,1697.47998,1697.47998,3271660000.008/9/13,1696.099976,1699.420044,1686.02002,1691.420044,1691.420044,2957670000.008/12/13,1688.369995,1691.48999,1683.349976,1689.469971,1689.469971,2789160000.008/13/13,1690.650024,1696.810059,1682.619995,1694.160034,1694.160034,3035560000.008/14/13,1693.880005,1695.52002,1684.829956,1685.390015,1685.390015,2871430000.008/15/13,1679.609985,1679.609985,1658.589966,1661.319946,1661.319946,3426690000.008/16/13,1661.219971,1663.599976,1652.609985,1655.829956,1655.829956,3211450000.008/19/13,1655.25,1659.180054,1645.839966,1646.060059,1646.060059,2904530000.008/20/13,1646.810059,1658.920044,1646.079956,1652.349976,1652.349976,2994090000.008/21/13,1650.660034,1656.98999,1639.430054,1642.800049,1642.800049,2932180000.008/22/13,1645.030029,1659.550049,1645.030029,1656.959961,1656.959961,2537460000.008/23/13,1659.920044,1664.849976,1654.810059,1663.5,1663.5,2582670000.008/26/13,1664.290039,1669.51001,1656.02002,1656.780029,1656.780029,2430670000.008/27/13,1652.540039,1652.540039,1629.050049,1630.47998,1630.47998,3219190000.008/28/13,1630.25,1641.180054,1627.469971,1634.959961,1634.959961,2784010000.008/29/13,1633.5,1646.410034,1630.880005,1638.170044,1638.170044,2527550000.008/30/13,1638.890015,1640.079956,1628.050049,1632.969971,1632.969971,2734300000.009/3/13,1635.949951,1651.349976,1633.410034,1639.77002,1639.77002,3731610000.009/4/13,1640.719971,1655.719971,1637.410034,1653.079956,1653.079956,3312150000.009/5/13,1653.280029,1659.170044,1653.069946,1655.079956,1655.079956,2957110000.009/6/13,1657.439941,1664.829956,1640.619995,1655.170044,1655.170044,3123880000.009/9/13,1656.849976,1672.400024,1656.849976,1671.709961,1671.709961,3102780000.009/10/13,1675.109985,1684.089966,1675.109985,1683.98999,1683.98999,3691800000.009/11/13,1681.040039,1689.130005,1678.699951,1689.130005,1689.130005,3135460000.009/12/13,1689.209961,1689.969971,1681.959961,1683.420044,1683.420044,3106290000.009/13/13,1685.040039,1688.72998,1682.219971,1687.98999,1687.98999,2736500000.009/16/13,1691.699951,1704.949951,1691.699951,1697.599976,1697.599976,3079800000.009/17/13,1697.72998,1705.52002,1697.72998,1704.76001,1704.76001,2774240000.009/18/13,1705.73999,1729.439941,1700.349976,1725.52002,1725.52002,3989760000.009/19/13,1727.339966,1729.859985,1720.199951,1722.339966,1722.339966,3740130000.009/20/13,1722.439941,1725.22998,1708.890015,1709.910034,1709.910034,5074030000.009/23/13,1711.439941,1711.439941,1697.099976,1701.839966,1701.839966,3126950000.009/24/13,1702.599976,1707.630005,1694.900024,1697.420044,1697.420044,3268930000.009/25/13,1698.02002,1701.709961,1691.880005,1692.77002,1692.77002,3148730000.009/26/13,1694.050049,1703.849976,1693.109985,1698.670044,1698.670044,2813930000.009/27/13,1695.52002,1695.52002,1687.109985,1691.75,1691.75,2951700000.009/30/13,1687.26001,1687.26001,1674.98999,1681.550049,1681.550049,3308630000.0010/1/13,1682.410034,1696.550049,1682.069946,1695,1695,3238690000.0010/2/13,1691.900024,1693.869995,1680.339966,1693.869995,1693.869995,3148600000.0010/3/13,1692.349976,1692.349976,1670.359985,1678.660034,1678.660034,3279650000.0010/4/13,1678.790039,1691.939941,1677.329956,1690.5,1690.5,2880270000.0010/7/13,1687.150024,1687.150024,1674.699951,1676.119995,1676.119995,2678490000.0010/8/13,1676.219971,1676.790039,1655.030029,1655.449951,1655.449951,3569230000.0010/9/13,1656.98999,1662.469971,1646.469971,1656.400024,1656.400024,3577840000.0010/10/13,1660.880005,1692.560059,1660.880005,1692.560059,1692.560059,3362300000.0010/11/13,1691.089966,1703.439941,1688.52002,1703.199951,1703.199951,2944670000.0010/14/13,1699.859985,1711.030029,1692.130005,1710.140015,1710.140015,2580580000.0010/15/13,1709.170044,1711.569946,1695.930054,1698.060059,1698.060059,3327740000.0010/16/13,1700.48999,1721.76001,1700.48999,1721.540039,1721.540039,3486180000.0010/17/13,1720.170044,1733.449951,1714.119995,1733.150024,1733.150024,3453590000.0010/18/13,1736.719971,1745.310059,1735.73999,1744.5,1744.5,3664890000.0010/21/13,1745.199951,1747.790039,1740.670044,1744.660034,1744.660034,3052710000.0010/22/13,1746.47998,1759.329956,1746.47998,1754.670044,1754.670044,3850840000.0010/23/13,1752.27002,1752.27002,1740.5,1746.380005,1746.380005,3713380000.0010/24/13,1747.47998,1753.939941,1745.5,1752.069946,1752.069946,3671700000.0010/25/13,1756.01001,1759.819946,1752.449951,1759.77002,1759.77002,3175720000.0010/28/13,1759.420044,1764.98999,1757.670044,1762.109985,1762.109985,3282300000.0010/29/13,1762.930054,1772.089966,1762.930054,1771.949951,1771.949951,3358460000.0010/30/13,1772.27002,1775.219971,1757.23999,1763.310059,1763.310059,3523040000.0010/31/13,1763.23999,1768.530029,1755.719971,1756.540039,1756.540039,3826530000.0011/1/13,1758.699951,1765.670044,1752.699951,1761.640015,1761.640015,3686290000.0011/4/13,1763.400024,1768.780029,1761.560059,1767.930054,1767.930054,3194870000.0011/5/13,1765.670044,1767.030029,1755.76001,1762.969971,1762.969971,3516680000.0011/6/13,1765,1773.73999,1764.400024,1770.48999,1770.48999,3322100000.0011/7/13,1770.73999,1774.540039,1746.199951,1747.150024,1747.150024,4143200000.0011/8/13,1748.369995,1770.780029,1747.630005,1770.609985,1770.609985,3837170000.0011/11/13,1769.959961,1773.439941,1767.849976,1771.890015,1771.890015,2534060000.0011/12/13,1769.51001,1771.780029,1762.290039,1767.689941,1767.689941,3221030000.0011/13/13,1764.369995,1782,1760.640015,1782,1782,3327480000.0011/14/13,1782.75,1791.530029,1780.219971,1790.619995,1790.619995,3139060000.0011/15/13,1790.660034,1798.219971,1790.660034,1798.180054,1798.180054,3254820000.0011/18/13,1798.819946,1802.329956,1788,1791.530029,1791.530029,3168520000.0011/19/13,1790.790039,1795.51001,1784.719971,1787.869995,1787.869995,3224450000.0011/20/13,1789.589966,1795.72998,1777.22998,1781.369995,1781.369995,3109140000.0011/21/13,1783.52002,1797.160034,1783.52002,1795.849976,1795.849976,3256630000.0011/22/13,1797.209961,1804.839966,1794.699951,1804.76001,1804.76001,3055140000.0011/25/13,1806.329956,1808.099976,1800.579956,1802.47998,1802.47998,2998540000.0011/26/13,1802.869995,1808.420044,1800.77002,1802.75,1802.75,3427120000.0011/27/13,1803.47998,1808.27002,1802.77002,1807.22998,1807.22998,2613590000.0011/29/13,1808.689941,1813.550049,1803.97998,1805.810059,1805.810059,1598300000.0012/2/13,1806.550049,1810.02002,1798.599976,1800.900024,1800.900024,3095430000.0012/3/13,1800.099976,1800.099976,1787.849976,1795.150024,1795.150024,3475680000.0012/4/13,1793.150024,1799.800049,1779.089966,1792.810059,1792.810059,3610540000.0012/5/13,1792.819946,1792.819946,1783.380005,1785.030029,1785.030029,3336880000.0012/6/13,1788.359985,1806.040039,1788.359985,1805.089966,1805.089966,3150030000.0012/9/13,1806.209961,1811.52002,1806.209961,1808.369995,1808.369995,3129500000.0012/10/13,1807.599976,1808.52002,1801.75,1802.619995,1802.619995,3117150000.0012/11/13,1802.76001,1802.969971,1780.089966,1782.219971,1782.219971,3472240000.0012/12/13,1781.709961,1782.98999,1772.280029,1775.5,1775.5,3306640000.0012/13/13,1777.97998,1780.920044,1772.449951,1775.319946,1775.319946,3061070000.0012/16/13,1777.47998,1792.219971,1777.47998,1786.540039,1786.540039,3209890000.0012/17/13,1786.469971,1786.77002,1777.050049,1781,1781,3270030000.0012/18/13,1781.459961,1811.079956,1767.98999,1810.650024,1810.650024,4327770000.0012/19/13,1809,1810.880005,1801.349976,1809.599976,1809.599976,3497210000.0012/20/13,1810.390015,1823.75,1810.25,1818.319946,1818.319946,5097700000.0012/23/13,1822.920044,1829.75,1822.920044,1827.98999,1827.98999,2851540000.0012/24/13,1828.02002,1833.319946,1828.02002,1833.319946,1833.319946,1307630000.0012/26/13,1834.959961,1842.839966,1834.959961,1842.02002,1842.02002,1982270000.0012/27/13,1842.969971,1844.890015,1839.810059,1841.400024,1841.400024,2052920000.0012/30/13,1841.469971,1842.469971,1838.77002,1841.069946,1841.069946,2293860000.0012/31/13,1842.609985,1849.439941,1842.410034,1848.359985,1848.359985,2312840000.001/2/14,1845.859985,1845.859985,1827.73999,1831.97998,1831.97998,3080600000.001/3/14,1833.209961,1838.23999,1829.130005,1831.369995,1831.369995,2774270000.001/6/14,1832.310059,1837.160034,1823.72998,1826.77002,1826.77002,3294850000.001/7/14,1828.709961,1840.099976,1828.709961,1837.880005,1837.880005,3511750000.001/8/14,1837.900024,1840.02002,1831.400024,1837.48999,1837.48999,3652140000.001/9/14,1839,1843.22998,1830.380005,1838.130005,1838.130005,3581150000.001/10/14,1840.060059,1843.150024,1832.430054,1842.369995,1842.369995,3335710000.001/13/14,1841.26001,1843.449951,1815.52002,1819.199951,1819.199951,3591350000.001/14/14,1821.359985,1839.26001,1821.359985,1838.880005,1838.880005,3353270000.001/15/14,1840.52002,1850.839966,1840.52002,1848.380005,1848.380005,3777800000.001/16/14,1847.98999,1847.98999,1840.300049,1845.890015,1845.890015,3491310000.001/17/14,1844.22998,1846.040039,1835.22998,1838.699951,1838.699951,3626120000.001/21/14,1841.050049,1849.310059,1832.380005,1843.800049,1843.800049,3782470000.001/22/14,1844.709961,1846.869995,1840.880005,1844.859985,1844.859985,3374170000.001/23/14,1842.290039,1842.290039,1820.060059,1828.459961,1828.459961,3972250000.001/24/14,1826.959961,1826.959961,1790.290039,1790.290039,1790.290039,4618450000.001/27/14,1791.030029,1795.97998,1772.880005,1781.560059,1781.560059,4045200000.001/28/14,1783,1793.869995,1779.48999,1792.5,1792.5,3437830000.001/29/14,1790.150024,1790.150024,1770.449951,1774.199951,1774.199951,3964020000.001/30/14,1777.170044,1798.77002,1777.170044,1794.189941,1794.189941,3547510000.001/31/14,1790.880005,1793.880005,1772.26001,1782.589966,1782.589966,4059690000.002/3/14,1782.680054,1784.829956,1739.660034,1741.890015,1741.890015,4726040000.002/4/14,1743.819946,1758.72998,1743.819946,1755.199951,1755.199951,4068410000.002/5/14,1753.380005,1755.790039,1737.920044,1751.640015,1751.640015,3984290000.002/6/14,1752.98999,1774.060059,1752.98999,1773.430054,1773.430054,3825410000.002/7/14,1776.01001,1798.030029,1776.01001,1797.02002,1797.02002,3775990000.002/10/14,1796.199951,1799.939941,1791.829956,1799.839966,1799.839966,3312160000.002/11/14,1800.449951,1823.540039,1800.410034,1819.75,1819.75,3699380000.002/12/14,1820.119995,1826.550049,1815.969971,1819.26001,1819.26001,3326380000.002/13/14,1814.819946,1830.25,1809.219971,1829.829956,1829.829956,3289510000.002/14/14,1828.459961,1841.650024,1825.589966,1838.630005,1838.630005,3114750000.002/18/14,1839.030029,1842.869995,1835.01001,1840.76001,1840.76001,3421110000.002/19/14,1838.900024,1847.5,1826.98999,1828.75,1828.75,3661570000.002/20/14,1829.23999,1842.790039,1824.579956,1839.780029,1839.780029,3404980000.002/21/14,1841.069946,1846.130005,1835.599976,1836.25,1836.25,3403880000.002/24/14,1836.780029,1858.709961,1836.780029,1847.609985,1847.609985,4014530000.002/25/14,1847.660034,1852.910034,1840.189941,1845.119995,1845.119995,3515560000.002/26/14,1845.790039,1852.650024,1840.660034,1845.160034,1845.160034,3716730000.002/27/14,1844.900024,1854.530029,1841.130005,1854.290039,1854.290039,3547460000.002/28/14,1855.119995,1867.920044,1847.670044,1859.449951,1859.449951,3917450000.003/3/14,1857.680054,1857.680054,1834.439941,1845.72998,1845.72998,3428220000.003/4/14,1849.22998,1876.22998,1849.22998,1873.910034,1873.910034,3765770000.003/5/14,1874.050049,1876.530029,1871.109985,1873.810059,1873.810059,3392990000.003/6/14,1874.180054,1881.939941,1874.180054,1877.030029,1877.030029,3360450000.003/7/14,1878.52002,1883.569946,1870.560059,1878.040039,1878.040039,3564740000.003/10/14,1877.859985,1877.869995,1867.040039,1877.170044,1877.170044,3021350000.003/11/14,1878.26001,1882.349976,1863.880005,1867.630005,1867.630005,3392400000.003/12/14,1866.150024,1868.380005,1854.380005,1868.199951,1868.199951,3270860000.003/13/14,1869.060059,1874.400024,1841.859985,1846.339966,1846.339966,3670990000.003/14/14,1845.069946,1852.439941,1839.569946,1841.130005,1841.130005,3285460000.003/17/14,1842.810059,1862.300049,1842.810059,1858.829956,1858.829956,2860490000.003/18/14,1858.920044,1873.76001,1858.920044,1872.25,1872.25,2930190000.003/19/14,1872.25,1874.140015,1850.349976,1860.77002,1860.77002,3289210000.003/20/14,1860.089966,1873.48999,1854.630005,1872.01001,1872.01001,3327540000.003/21/14,1874.530029,1883.969971,1863.459961,1866.52002,1866.52002,5270710000.003/24/14,1867.670044,1873.339966,1849.689941,1857.439941,1857.439941,3409000000.003/25/14,1859.47998,1871.869995,1855.959961,1865.619995,1865.619995,3200560000.003/26/14,1867.089966,1875.920044,1852.560059,1852.560059,1852.560059,3480850000.003/27/14,1852.109985,1855.550049,1842.109985,1849.040039,1849.040039,3733430000.003/28/14,1850.069946,1866.630005,1850.069946,1857.619995,1857.619995,2955520000.003/31/14,1859.160034,1875.180054,1859.160034,1872.339966,1872.339966,3274300000.004/1/14,1873.959961,1885.839966,1873.959961,1885.52002,1885.52002,3336190000.004/2/14,1886.609985,1893.170044,1883.790039,1890.900024,1890.900024,3131660000.004/3/14,1891.430054,1893.800049,1882.650024,1888.77002,1888.77002,3055600000.004/4/14,1890.25,1897.280029,1863.26001,1865.089966,1865.089966,3583750000.004/7/14,1863.920044,1864.040039,1841.47998,1845.040039,1845.040039,3801540000.004/8/14,1845.47998,1854.949951,1837.48999,1851.959961,1851.959961,3721450000.004/9/14,1852.640015,1872.430054,1852.380005,1872.180054,1872.180054,3308650000.004/10/14,1872.280029,1872.530029,1830.869995,1833.079956,1833.079956,3758780000.004/11/14,1830.650024,1835.069946,1814.359985,1815.689941,1815.689941,3743460000.004/14/14,1818.180054,1834.189941,1815.800049,1830.609985,1830.609985,3111540000.004/15/14,1831.449951,1844.02002,1816.290039,1842.97998,1842.97998,3736440000.004/16/14,1846.01001,1862.310059,1846.01001,1862.310059,1862.310059,3155080000.004/17/14,1861.72998,1869.630005,1856.719971,1864.849976,1864.849976,3341430000.004/21/14,1865.790039,1871.890015,1863.180054,1871.890015,1871.890015,2642500000.004/22/14,1872.569946,1884.890015,1872.569946,1879.550049,1879.550049,3215440000.004/23/14,1879.319946,1879.75,1873.910034,1875.390015,1875.390015,3085720000.004/24/14,1881.969971,1884.060059,1870.23999,1878.609985,1878.609985,3191830000.004/25/14,1877.719971,1877.719971,1859.699951,1863.400024,1863.400024,3213020000.004/28/14,1865,1877.01001,1850.609985,1869.430054,1869.430054,4034680000.004/29/14,1870.780029,1880.599976,1870.780029,1878.329956,1878.329956,3647820000.004/30/14,1877.099976,1885.199951,1872.689941,1883.949951,1883.949951,3779230000.005/1/14,1884.390015,1888.589966,1878.040039,1883.680054,1883.680054,3416740000.005/2/14,1885.300049,1891.329956,1878.5,1881.140015,1881.140015,3159560000.005/5/14,1879.449951,1885.51001,1866.77002,1884.660034,1884.660034,2733730000.005/6/14,1883.689941,1883.689941,1867.719971,1867.719971,1867.719971,3327260000.005/7/14,1868.530029,1878.829956,1859.790039,1878.209961,1878.209961,3632950000.005/8/14,1877.390015,1889.069946,1870.050049,1875.630005,1875.630005,3393420000.005/9/14,1875.27002,1878.569946,1867.02002,1878.47998,1878.47998,3025020000.005/12/14,1880.030029,1897.130005,1880.030029,1896.650024,1896.650024,3005740000.005/13/14,1896.75,1902.170044,1896.060059,1897.449951,1897.449951,2915680000.005/14/14,1897.130005,1897.130005,1885.77002,1888.530029,1888.530029,2822060000.005/15/14,1888.160034,1888.160034,1862.359985,1870.849976,1870.849976,3552640000.005/16/14,1871.189941,1878.280029,1864.819946,1877.859985,1877.859985,3173650000.005/19/14,1876.660034,1886,1872.420044,1885.079956,1885.079956,2664250000.005/20/14,1884.880005,1884.880005,1868.140015,1872.829956,1872.829956,3007700000.005/21/14,1873.339966,1888.800049,1873.339966,1888.030029,1888.030029,2777140000.005/22/14,1888.189941,1896.329956,1885.390015,1892.48999,1892.48999,2759800000.005/23/14,1893.319946,1901.26001,1893.319946,1900.530029,1900.530029,2396280000.005/27/14,1902.01001,1912.280029,1902.01001,1911.910034,1911.910034,2911020000.005/28/14,1911.77002,1914.459961,1907.300049,1909.780029,1909.780029,2976450000.005/29/14,1910.599976,1920.030029,1909.819946,1920.030029,1920.030029,2709050000.005/30/14,1920.329956,1924.030029,1916.640015,1923.569946,1923.569946,3263490000.006/2/14,1923.869995,1925.880005,1915.97998,1924.969971,1924.969971,2509020000.006/3/14,1923.069946,1925.069946,1918.790039,1924.23999,1924.23999,2867180000.006/4/14,1923.060059,1928.630005,1918.599976,1927.880005,1927.880005,2793920000.006/5/14,1928.52002,1941.73999,1922.930054,1940.459961,1940.459961,3113270000.006/6/14,1942.410034,1949.439941,1942.410034,1949.439941,1949.439941,2864300000.006/9/14,1948.969971,1955.550049,1947.160034,1951.27002,1951.27002,2812180000.006/10/14,1950.339966,1950.859985,1944.640015,1950.790039,1950.790039,2702360000.006/11/14,1949.369995,1949.369995,1940.079956,1943.890015,1943.890015,2710620000.006/12/14,1943.349976,1943.349976,1925.780029,1930.109985,1930.109985,3040480000.006/13/14,1930.800049,1937.300049,1927.689941,1936.160034,1936.160034,2598230000.006/16/14,1934.839966,1941.150024,1930.910034,1937.780029,1937.780029,2926130000.006/17/14,1937.150024,1943.689941,1933.550049,1941.98999,1941.98999,2971260000.006/18/14,1942.72998,1957.73999,1939.290039,1956.97998,1956.97998,3065220000.006/19/14,1957.5,1959.869995,1952.26001,1959.47998,1959.47998,2952150000.006/20/14,1960.449951,1963.910034,1959.170044,1962.869995,1962.869995,4336240000.006/23/14,1962.920044,1963.73999,1958.890015,1962.609985,1962.609985,2717630000.006/24/14,1961.969971,1968.170044,1948.339966,1949.97998,1949.97998,3089700000.006/25/14,1949.27002,1960.829956,1947.48999,1959.530029,1959.530029,3106710000.006/26/14,1959.890015,1959.890015,1944.689941,1957.219971,1957.219971,2778840000.006/27/14,1956.560059,1961.469971,1952.180054,1960.959961,1960.959961,4290590000.006/30/14,1960.790039,1964.23999,1958.219971,1960.22998,1960.22998,3037350000.007/1/14,1962.290039,1978.579956,1962.290039,1973.319946,1973.319946,3188240000.007/2/14,1973.060059,1976.670044,1972.579956,1974.619995,1974.619995,2851480000.007/3/14,1975.880005,1985.589966,1975.880005,1985.439941,1985.439941,1998090000.007/7/14,1984.219971,1984.219971,1974.880005,1977.650024,1977.650024,2681260000.007/8/14,1976.390015,1976.390015,1959.459961,1963.709961,1963.709961,3302430000.007/9/14,1965.099976,1974.150024,1965.099976,1972.829956,1972.829956,2858800000.007/10/14,1966.670044,1969.839966,1952.859985,1964.680054,1964.680054,3165690000.007/11/14,1965.76001,1968.670044,1959.630005,1967.569946,1967.569946,2684630000.007/14/14,1969.859985,1979.849976,1969.859985,1977.099976,1977.099976,2744920000.007/15/14,1977.359985,1982.52002,1965.339966,1973.280029,1973.280029,3328740000.007/16/14,1976.349976,1983.939941,1975.670044,1981.569946,1981.569946,3390950000.007/17/14,1979.75,1981.800049,1955.589966,1958.119995,1958.119995,3381680000.007/18/14,1961.540039,1979.910034,1960.819946,1978.219971,1978.219971,3106060000.007/21/14,1976.930054,1976.930054,1965.77002,1973.630005,1973.630005,2611160000.007/22/14,1975.650024,1986.23999,1975.650024,1983.530029,1983.530029,2890480000.007/23/14,1985.319946,1989.22998,1982.439941,1987.01001,1987.01001,2869720000.007/24/14,1988.069946,1991.390015,1985.790039,1987.97998,1987.97998,3203530000.007/25/14,1984.599976,1984.599976,1974.369995,1978.339966,1978.339966,2638960000.007/28/14,1978.25,1981.52002,1967.310059,1978.910034,1978.910034,2803320000.007/29/14,1980.030029,1984.849976,1969.949951,1969.949951,1969.949951,3183300000.007/30/14,1973.209961,1978.900024,1962.420044,1970.069946,1970.069946,3448250000.007/31/14,1965.140015,1965.140015,1930.670044,1930.670044,1930.670044,4193000000.008/1/14,1929.800049,1937.349976,1916.369995,1925.150024,1925.150024,3789660000.008/4/14,1926.619995,1942.920044,1921.199951,1938.98999,1938.98999,3072920000.008/5/14,1936.339966,1936.339966,1913.77002,1920.209961,1920.209961,3462520000.008/6/14,1917.290039,1927.910034,1911.449951,1920.23999,1920.23999,3539150000.008/7/14,1923.030029,1928.890015,1904.780029,1909.569946,1909.569946,3230520000.008/8/14,1910.349976,1932.380005,1909.01001,1931.589966,1931.589966,2902280000.008/11/14,1933.430054,1944.900024,1933.430054,1936.920044,1936.920044,2784890000.008/12/14,1935.72998,1939.650024,1928.290039,1933.75,1933.75,2611700000.008/13/14,1935.599976,1948.410034,1935.599976,1946.719971,1946.719971,2718020000.008/14/14,1947.410034,1955.22998,1947.410034,1955.180054,1955.180054,2609460000.008/15/14,1958.869995,1964.040039,1941.5,1955.060059,1955.060059,3023380000.008/18/14,1958.359985,1971.98999,1958.359985,1971.73999,1971.73999,2638160000.008/19/14,1972.72998,1982.569946,1972.72998,1981.599976,1981.599976,2656430000.008/20/14,1980.459961,1988.569946,1977.680054,1986.51001,1986.51001,2579560000.008/21/14,1986.819946,1994.76001,1986.819946,1992.369995,1992.369995,2638920000.008/22/14,1992.599976,1993.540039,1984.76001,1988.400024,1988.400024,2301860000.008/25/14,1991.73999,2001.949951,1991.73999,1997.920044,1997.920044,2233880000.008/26/14,1998.589966,2005.040039,1998.589966,2000.02002,2000.02002,2451950000.008/27/14,2000.540039,2002.140015,1996.199951,2000.119995,2000.119995,2344350000.008/28/14,1997.420044,1998.550049,1990.52002,1996.73999,1996.73999,2282400000.008/29/14,1998.449951,2003.380005,1994.650024,2003.369995,2003.369995,2259130000.009/2/14,2004.069946,2006.119995,1994.849976,2002.280029,2002.280029,2819980000.009/3/14,2003.569946,2009.280029,1998.140015,2000.719971,2000.719971,2809980000.009/4/14,2001.670044,2011.170044,1992.540039,1997.650024,1997.650024,3072410000.009/5/14,1998,2007.709961,1990.099976,2007.709961,2007.709961,2818300000.009/8/14,2007.170044,2007.170044,1995.599976,2001.540039,2001.540039,2789090000.009/9/14,2000.72998,2001.01001,1984.609985,1988.439941,1988.439941,2882830000.009/10/14,1988.410034,1996.660034,1982.98999,1995.689941,1995.689941,2912430000.009/11/14,1992.849976,1997.650024,1985.930054,1997.449951,1997.449951,2941690000.009/12/14,1996.73999,1996.73999,1980.26001,1985.540039,1985.540039,3206570000.009/15/14,1986.040039,1987.180054,1978.47998,1984.130005,1984.130005,2776530000.009/16/14,1981.930054,2002.280029,1979.060059,1998.97998,1998.97998,3160310000.009/17/14,1999.300049,2010.73999,1993.290039,2001.569946,2001.569946,3209420000.009/18/14,2003.069946,2012.339966,2003.069946,2011.359985,2011.359985,3235340000.009/19/14,2012.73999,2019.26001,2006.589966,2010.400024,2010.400024,4880220000.009/22/14,2009.079956,2009.079956,1991.01001,1994.290039,1994.290039,3349670000.009/23/14,1992.780029,1995.410034,1982.77002,1982.77002,1982.77002,3279350000.009/24/14,1983.339966,1999.790039,1978.630005,1998.300049,1998.300049,3313850000.009/25/14,1997.319946,1997.319946,1965.98999,1965.98999,1965.98999,3273050000.009/26/14,1966.219971,1986.369995,1966.219971,1982.849976,1982.849976,2929440000.009/29/14,1978.959961,1981.280029,1964.040039,1977.800049,1977.800049,3094440000.009/30/14,1978.209961,1985.170044,1968.959961,1972.290039,1972.290039,3951100000.0010/1/14,1971.439941,1971.439941,1941.719971,1946.160034,1946.160034,4188590000.0010/2/14,1945.829956,1952.319946,1926.030029,1946.170044,1946.170044,4012510000.0010/3/14,1948.119995,1971.189941,1948.119995,1967.900024,1967.900024,3560970000.0010/6/14,1970.01001,1977.839966,1958.430054,1964.819946,1964.819946,3358220000.0010/7/14,1962.359985,1962.359985,1934.869995,1935.099976,1935.099976,3687870000.0010/8/14,1935.550049,1970.359985,1925.25,1968.890015,1968.890015,4441890000.0010/9/14,1967.680054,1967.680054,1927.560059,1928.209961,1928.209961,4344020000.0010/10/14,1925.630005,1936.97998,1906.050049,1906.130005,1906.130005,4550540000.0010/13/14,1905.650024,1912.089966,1874.140015,1874.73999,1874.73999,4352580000.0010/14/14,1877.109985,1898.709961,1871.790039,1877.699951,1877.699951,4812010000.0010/15/14,1874.180054,1874.180054,1820.660034,1862.48999,1862.48999,6090800000.0010/16/14,1855.949951,1876.01001,1835.02002,1862.76001,1862.76001,5073150000.0010/17/14,1864.910034,1898.160034,1864.910034,1886.76001,1886.76001,4482120000.0010/20/14,1885.619995,1905.030029,1882.300049,1904.01001,1904.01001,3331210000.0010/21/14,1909.380005,1942.449951,1909.380005,1941.280029,1941.280029,3987090000.0010/22/14,1941.290039,1949.310059,1926.829956,1927.109985,1927.109985,3761930000.0010/23/14,1931.02002,1961.949951,1931.02002,1950.819946,1950.819946,3789250000.0010/24/14,1951.589966,1965.27002,1946.27002,1964.579956,1964.579956,3078380000.0010/27/14,1962.969971,1964.640015,1951.369995,1961.630005,1961.630005,3538860000.0010/28/14,1964.140015,1985.050049,1964.140015,1985.050049,1985.050049,3653260000.0010/29/14,1983.290039,1991.400024,1969.040039,1982.300049,1982.300049,3740350000.0010/30/14,1979.48999,1999.400024,1974.75,1994.650024,1994.650024,3586150000.0010/31/14,2001.199951,2018.189941,2001.199951,2018.050049,2018.050049,4292290000.0011/3/14,2018.209961,2024.459961,2013.680054,2017.810059,2017.810059,3555440000.0011/4/14,2015.810059,2015.97998,2001.01001,2012.099976,2012.099976,3956260000.0011/5/14,2015.290039,2023.77002,2014.420044,2023.569946,2023.569946,3766590000.0011/6/14,2023.329956,2031.609985,2015.859985,2031.209961,2031.209961,3669770000.0011/7/14,2032.359985,2034.26001,2025.069946,2031.920044,2031.920044,3704280000.0011/10/14,2032.01001,2038.699951,2030.170044,2038.26001,2038.26001,3284940000.0011/11/14,2038.199951,2041.280029,2035.280029,2039.680054,2039.680054,2958320000.0011/12/14,2037.75,2040.329956,2031.949951,2038.25,2038.25,3246650000.0011/13/14,2039.209961,2046.180054,2030.439941,2039.329956,2039.329956,3455270000.0011/14/14,2039.73999,2042.219971,2035.199951,2039.819946,2039.819946,3227130000.0011/17/14,2038.290039,2043.069946,2034.459961,2041.319946,2041.319946,3152890000.0011/18/14,2041.47998,2056.080078,2041.47998,2051.800049,2051.800049,3416190000.0011/19/14,2051.159912,2052.139893,2040.369995,2048.719971,2048.719971,3390850000.0011/20/14,2045.869995,2053.840088,2040.48999,2052.75,2052.75,3128290000.0011/21/14,2057.459961,2071.459961,2056.75,2063.5,2063.5,3916420000.0011/24/14,2065.070068,2070.169922,2065.070068,2069.409912,2069.409912,3128060000.0011/25/14,2070.149902,2074.209961,2064.75,2067.030029,2067.030029,3392940000.0011/26/14,2067.360107,2073.290039,2066.620117,2072.830078,2072.830078,2745260000.0011/28/14,2074.780029,2075.76001,2065.060059,2067.560059,2067.560059,2504640000.0012/1/14,2065.780029,2065.780029,2049.570068,2053.439941,2053.439941,4159010000.0012/2/14,2053.77002,2068.77002,2053.77002,2066.550049,2066.550049,3686650000.0012/3/14,2067.449951,2076.280029,2066.649902,2074.330078,2074.330078,3612680000.0012/4/14,2073.639893,2077.340088,2062.340088,2071.919922,2071.919922,3408340000.0012/5/14,2072.780029,2079.469971,2070.810059,2075.370117,2075.370117,3419620000.0012/8/14,2074.840088,2075.780029,2054.27002,2060.310059,2060.310059,3800990000.0012/9/14,2056.550049,2060.600098,2034.170044,2059.820068,2059.820068,3970150000.0012/10/14,2058.860107,2058.860107,2024.26001,2026.140015,2026.140015,4114440000.0012/11/14,2027.920044,2055.530029,2027.920044,2035.329956,2035.329956,3917950000.0012/12/14,2030.359985,2032.25,2002.329956,2002.329956,2002.329956,4157650000.0012/15/14,2005.030029,2018.689941,1982.26001,1989.630005,1989.630005,4361990000.0012/16/14,1986.709961,2016.890015,1972.560059,1972.73999,1972.73999,4958680000.0012/17/14,1973.77002,2016.75,1973.77002,2012.890015,2012.890015,4942370000.0012/18/14,2018.97998,2061.22998,2018.97998,2061.22998,2061.22998,4703380000.0012/19/14,2061.040039,2077.850098,2061.030029,2070.649902,2070.649902,6465530000.0012/22/14,2069.280029,2078.76001,2069.280029,2078.540039,2078.540039,3369520000.0012/23/14,2081.47998,2086.72998,2079.77002,2082.169922,2082.169922,3043950000.0012/24/14,2083.25,2087.560059,2081.860107,2081.879883,2081.879883,1416980000.0012/26/14,2084.300049,2092.699951,2084.300049,2088.77002,2088.77002,1735230000.0012/29/14,2087.629883,2093.550049,2085.75,2090.570068,2090.570068,2452360000.0012/30/14,2088.48999,2088.48999,2079.530029,2080.350098,2080.350098,2440280000.0012/31/14,2082.110107,2085.580078,2057.939941,2058.899902,2058.899902,2606070000.001/2/15,2058.899902,2072.360107,2046.040039,2058.199951,2058.199951,2708700000.001/5/15,2054.439941,2054.439941,2017.339966,2020.579956,2020.579956,3799120000.001/6/15,2022.150024,2030.25,1992.439941,2002.609985,2002.609985,4460110000.001/7/15,2005.550049,2029.609985,2005.550049,2025.900024,2025.900024,3805480000.001/8/15,2030.609985,2064.080078,2030.609985,2062.139893,2062.139893,3934010000.001/9/15,2063.449951,2064.429932,2038.329956,2044.810059,2044.810059,3364140000.001/12/15,2046.130005,2049.300049,2022.579956,2028.26001,2028.26001,3456460000.001/13/15,2031.579956,2056.929932,2008.25,2023.030029,2023.030029,4107300000.001/14/15,2018.400024,2018.400024,1988.439941,2011.27002,2011.27002,4378680000.001/15/15,2013.75,2021.349976,1991.469971,1992.670044,1992.670044,4276720000.001/16/15,1992.25,2020.459961,1988.119995,2019.420044,2019.420044,4056410000.001/20/15,2020.76001,2028.939941,2004.48999,2022.550049,2022.550049,3944340000.001/21/15,2020.189941,2038.290039,2012.040039,2032.119995,2032.119995,3730070000.001/22/15,2034.300049,2064.620117,2026.380005,2063.149902,2063.149902,4176050000.001/23/15,2062.97998,2062.97998,2050.540039,2051.820068,2051.820068,3573560000.001/26/15,2050.419922,2057.620117,2040.969971,2057.090088,2057.090088,3465760000.001/27/15,2047.859985,2047.859985,2019.910034,2029.550049,2029.550049,3329810000.001/28/15,2032.339966,2042.48999,2001.48999,2002.160034,2002.160034,4067530000.001/29/15,2002.449951,2024.640015,1989.180054,2021.25,2021.25,4127140000.001/30/15,2019.349976,2023.319946,1993.380005,1994.98999,1994.98999,4568650000.002/2/15,1996.670044,2021.660034,1980.900024,2020.849976,2020.849976,4008330000.002/3/15,2022.709961,2050.300049,2022.709961,2050.030029,2050.030029,4615900000.002/4/15,2048.860107,2054.73999,2036.719971,2041.51001,2041.51001,4141920000.002/5/15,2043.449951,2063.550049,2043.449951,2062.52002,2062.52002,3821990000.002/6/15,2062.280029,2072.399902,2049.969971,2055.469971,2055.469971,4232970000.002/9/15,2053.469971,2056.159912,2041.880005,2046.73999,2046.73999,3549540000.002/10/15,2049.379883,2070.860107,2048.620117,2068.590088,2068.590088,3669850000.002/11/15,2068.550049,2073.47998,2057.98999,2068.530029,2068.530029,3596860000.002/12/15,2069.97998,2088.530029,2069.97998,2088.47998,2088.47998,3788350000.002/13/15,2088.780029,2097.030029,2086.699951,2096.98999,2096.98999,3527450000.002/17/15,2096.469971,2101.300049,2089.800049,2100.340088,2100.340088,3361750000.002/18/15,2099.159912,2100.22998,2092.149902,2099.679932,2099.679932,3370020000.002/19/15,2099.25,2102.129883,2090.790039,2097.449951,2097.449951,3247100000.002/20/15,2097.649902,2110.610107,2085.439941,2110.300049,2110.300049,3281600000.002/23/15,2109.830078,2110.050049,2103,2109.659912,2109.659912,3093680000.002/24/15,2109.100098,2117.939941,2105.870117,2115.47998,2115.47998,3199840000.002/25/15,2115.300049,2119.590088,2109.889893,2113.860107,2113.860107,3312340000.002/26/15,2113.909912,2113.909912,2103.76001,2110.73999,2110.73999,3408690000.002/27/15,2110.879883,2112.73999,2103.75,2104.5,2104.5,3547380000.003/2/15,2105.22998,2117.52002,2104.5,2117.389893,2117.389893,3409490000.003/3/15,2115.76001,2115.76001,2098.26001,2107.780029,2107.780029,3262300000.003/4/15,2107.719971,2107.719971,2094.48999,2098.530029,2098.530029,3421110000.003/5/15,2098.540039,2104.25,2095.219971,2101.040039,2101.040039,3103030000.003/6/15,2100.909912,2100.909912,2067.27002,2071.26001,2071.26001,3853570000.003/9/15,2072.25,2083.48999,2072.209961,2079.429932,2079.429932,3349090000.003/10/15,2076.139893,2076.139893,2044.160034,2044.160034,2044.160034,3668900000.003/11/15,2044.689941,2050.080078,2039.689941,2040.23999,2040.23999,3406570000.003/12/15,2041.099976,2066.409912,2041.099976,2065.949951,2065.949951,3405860000.003/13/15,2064.560059,2064.560059,2041.170044,2053.399902,2053.399902,3498560000.003/16/15,2055.350098,2081.409912,2055.350098,2081.189941,2081.189941,3295600000.003/17/15,2080.590088,2080.590088,2065.080078,2074.280029,2074.280029,3221840000.003/18/15,2072.840088,2106.850098,2061.22998,2099.5,2099.5,4128210000.003/19/15,2098.689941,2098.689941,2085.560059,2089.27002,2089.27002,3305220000.003/20/15,2090.320068,2113.919922,2090.320068,2108.100098,2108.100098,5554120000.003/23/15,2107.98999,2114.860107,2104.419922,2104.419922,2104.419922,3267960000.003/24/15,2103.939941,2107.629883,2091.5,2091.5,2091.5,3189820000.003/25/15,2093.100098,2097.429932,2061.050049,2061.050049,2061.050049,3521140000.003/26/15,2059.939941,2067.149902,2045.5,2056.149902,2056.149902,3510670000.003/27/15,2055.780029,2062.830078,2052.959961,2061.02002,2061.02002,3008550000.003/30/15,2064.110107,2088.969971,2064.110107,2086.23999,2086.23999,2917690000.003/31/15,2084.050049,2084.050049,2067.040039,2067.889893,2067.889893,3376550000.004/1/15,2067.629883,2067.629883,2048.379883,2059.689941,2059.689941,3543270000.004/2/15,2060.030029,2072.169922,2057.320068,2066.959961,2066.959961,3095960000.004/6/15,2064.870117,2086.98999,2056.52002,2080.620117,2080.620117,3302970000.004/7/15,2080.790039,2089.810059,2076.100098,2076.330078,2076.330078,3065510000.004/8/15,2076.939941,2086.689941,2073.300049,2081.899902,2081.899902,3265330000.004/9/15,2081.290039,2093.310059,2074.290039,2091.179932,2091.179932,3172360000.004/10/15,2091.51001,2102.610107,2091.51001,2102.060059,2102.060059,3156200000.004/13/15,2102.030029,2107.649902,2092.330078,2092.429932,2092.429932,2908420000.004/14/15,2092.280029,2098.620117,2083.23999,2095.840088,2095.840088,3301270000.004/15/15,2097.820068,2111.909912,2097.820068,2106.629883,2106.629883,4013760000.004/16/15,2105.959961,2111.300049,2100.02002,2104.98999,2104.98999,3434120000.004/17/15,2102.580078,2102.580078,2072.370117,2081.179932,2081.179932,3627600000.004/20/15,2084.110107,2103.939941,2084.110107,2100.399902,2100.399902,3000160000.004/21/15,2102.820068,2109.639893,2094.379883,2097.290039,2097.290039,3243410000.004/22/15,2098.27002,2109.97998,2091.050049,2107.959961,2107.959961,3348480000.004/23/15,2107.209961,2120.48999,2103.189941,2112.929932,2112.929932,3636670000.004/24/15,2112.800049,2120.919922,2112.800049,2117.689941,2117.689941,3375780000.004/27/15,2119.290039,2125.919922,2107.040039,2108.919922,2108.919922,3438750000.004/28/15,2108.350098,2116.040039,2094.889893,2114.76001,2114.76001,3546270000.004/29/15,2112.48999,2113.649902,2097.409912,2106.850098,2106.850098,4074970000.004/30/15,2105.52002,2105.52002,2077.590088,2085.51001,2085.51001,4509680000.005/1/15,2087.379883,2108.409912,2087.379883,2108.290039,2108.290039,3379390000.005/4/15,2110.22998,2120.949951,2110.22998,2114.48999,2114.48999,3091580000.005/5/15,2112.629883,2115.23999,2088.459961,2089.459961,2089.459961,3793950000.005/6/15,2091.26001,2098.419922,2067.929932,2080.149902,2080.149902,3792210000.005/7/15,2079.959961,2092.899902,2074.98999,2088,2088,3676640000.005/8/15,2092.129883,2117.659912,2092.129883,2116.100098,2116.100098,3399440000.005/11/15,2115.560059,2117.689941,2104.580078,2105.330078,2105.330078,2992670000.005/12/15,2102.870117,2105.060059,2085.570068,2099.120117,2099.120117,3139520000.005/13/15,2099.620117,2110.189941,2096.040039,2098.47998,2098.47998,3374260000.005/14/15,2100.429932,2121.449951,2100.429932,2121.100098,2121.100098,3225740000.005/15/15,2122.070068,2123.889893,2116.810059,2122.72998,2122.72998,3092080000.005/18/15,2121.300049,2131.780029,2120.01001,2129.199951,2129.199951,2888190000.005/19/15,2129.449951,2133.02002,2124.5,2127.830078,2127.830078,3296030000.005/20/15,2127.790039,2134.719971,2122.590088,2125.850098,2125.850098,3025880000.005/21/15,2125.550049,2134.280029,2122.949951,2130.820068,2130.820068,3070460000.005/22/15,2130.360107,2132.149902,2126.060059,2126.060059,2126.060059,2571860000.005/26/15,2125.340088,2125.340088,2099.179932,2104.199951,2104.199951,3342130000.005/27/15,2105.129883,2126.219971,2105.129883,2123.47998,2123.47998,3127960000.005/28/15,2122.27002,2122.27002,2112.860107,2120.790039,2120.790039,2980350000.005/29/15,2120.659912,2120.659912,2104.889893,2107.389893,2107.389893,3927390000.006/1/15,2108.639893,2119.149902,2102.540039,2111.72998,2111.72998,3011710000.006/2/15,2110.409912,2117.590088,2099.139893,2109.600098,2109.600098,3049350000.006/3/15,2110.639893,2121.919922,2109.610107,2114.070068,2114.070068,3099980000.006/4/15,2112.350098,2112.889893,2093.22998,2095.840088,2095.840088,3200050000.006/5/15,2095.090088,2100.98999,2085.669922,2092.830078,2092.830078,3243690000.006/8/15,2092.340088,2093.01001,2079.110107,2079.280029,2079.280029,2917150000.006/9/15,2079.070068,2085.620117,2072.139893,2080.149902,2080.149902,3034580000.006/10/15,2081.120117,2108.5,2081.120117,2105.199951,2105.199951,3414320000.006/11/15,2106.23999,2115.02002,2106.23999,2108.860107,2108.860107,3128600000.006/12/15,2107.429932,2107.429932,2091.330078,2094.110107,2094.110107,2719400000.006/15/15,2091.340088,2091.340088,2072.48999,2084.429932,2084.429932,3061570000.006/16/15,2084.26001,2097.399902,2082.100098,2096.290039,2096.290039,2919900000.006/17/15,2097.399902,2106.790039,2088.860107,2100.439941,2100.439941,3222240000.006/18/15,2101.580078,2126.649902,2101.580078,2121.23999,2121.23999,3520360000.006/19/15,2121.060059,2121.639893,2109.449951,2109.98999,2109.98999,4449810000.006/22/15,2112.5,2129.870117,2112.5,2122.850098,2122.850098,3030020000.006/23/15,2123.159912,2128.030029,2119.889893,2124.199951,2124.199951,3091190000.006/24/15,2123.649902,2125.100098,2108.580078,2108.580078,2108.580078,3102480000.006/25/15,2109.959961,2116.040039,2101.780029,2102.310059,2102.310059,3214610000.006/26/15,2102.620117,2108.919922,2095.379883,2101.48999,2101.48999,5025470000.006/29/15,2098.629883,2098.629883,2056.639893,2057.639893,2057.639893,3678960000.006/30/15,2061.189941,2074.280029,2056.320068,2063.110107,2063.110107,4078540000.007/1/15,2067,2082.780029,2067,2077.419922,2077.419922,3727260000.007/2/15,2078.030029,2085.060059,2071.02002,2076.780029,2076.780029,2996540000.007/6/15,2073.949951,2078.610107,2058.399902,2068.76001,2068.76001,3486360000.007/7/15,2069.52002,2083.73999,2044.02002,2081.340088,2081.340088,4458660000.007/8/15,2077.659912,2077.659912,2044.660034,2046.680054,2046.680054,3608780000.007/9/15,2049.72998,2074.280029,2049.72998,2051.310059,2051.310059,3446810000.007/10/15,2052.73999,2081.310059,2052.73999,2076.620117,2076.620117,3065070000.007/13/15,2080.030029,2100.669922,2080.030029,2099.600098,2099.600098,3096730000.007/14/15,2099.719971,2111.97998,2098.179932,2108.949951,2108.949951,3002120000.007/15/15,2109.01001,2114.139893,2102.48999,2107.399902,2107.399902,3261810000.007/16/15,2110.550049,2124.419922,2110.550049,2124.290039,2124.290039,3227080000.007/17/15,2126.800049,2128.909912,2119.879883,2126.639893,2126.639893,3362750000.007/20/15,2126.850098,2132.820068,2123.659912,2128.280029,2128.280029,3245870000.007/21/15,2127.550049,2128.48999,2115.399902,2119.209961,2119.209961,3343690000.007/22/15,2118.209961,2118.51001,2110,2114.149902,2114.149902,3694070000.007/23/15,2114.159912,2116.870117,2098.629883,2102.149902,2102.149902,3772810000.007/24/15,2102.23999,2106.01001,2077.090088,2079.649902,2079.649902,3870040000.007/27/15,2078.189941,2078.189941,2063.52002,2067.639893,2067.639893,3836750000.007/28/15,2070.75,2095.600098,2069.090088,2093.25,2093.25,4117740000.007/29/15,2094.699951,2110.600098,2094.080078,2108.570068,2108.570068,4038900000.007/30/15,2106.780029,2110.47998,2094.969971,2108.629883,2108.629883,3579410000.007/31/15,2111.600098,2114.23999,2102.070068,2103.840088,2103.840088,3681340000.008/3/15,2104.48999,2105.699951,2087.310059,2098.040039,2098.040039,3476770000.008/4/15,2097.679932,2102.51001,2088.600098,2093.320068,2093.320068,3546710000.008/5/15,2095.27002,2112.659912,2095.27002,2099.840088,2099.840088,3968680000.008/6/15,2100.75,2103.320068,2075.530029,2083.560059,2083.560059,4246570000.008/7/15,2082.610107,2082.610107,2067.909912,2077.570068,2077.570068,3602320000.008/10/15,2080.97998,2105.350098,2080.97998,2104.179932,2104.179932,3514460000.008/11/15,2102.659912,2102.659912,2076.48999,2084.070068,2084.070068,3708880000.008/12/15,2081.100098,2089.060059,2052.090088,2086.050049,2086.050049,4269130000.008/13/15,2086.189941,2092.929932,2078.26001,2083.389893,2083.389893,3221300000.008/14/15,2083.149902,2092.449951,2080.610107,2091.540039,2091.540039,2795590000.008/17/15,2089.699951,2102.870117,2079.300049,2102.439941,2102.439941,2867690000.008/18/15,2101.98999,2103.469971,2094.139893,2096.919922,2096.919922,2949990000.008/19/15,2095.689941,2096.169922,2070.530029,2079.610107,2079.610107,3512920000.008/20/15,2076.610107,2076.610107,2035.72998,2035.72998,2035.72998,3922470000.008/21/15,2034.079956,2034.079956,1970.890015,1970.890015,1970.890015,5018240000.008/24/15,1965.150024,1965.150024,1867.01001,1893.209961,1893.209961,6612690000.008/25/15,1898.079956,1948.040039,1867.079956,1867.609985,1867.609985,5183560000.008/26/15,1872.75,1943.089966,1872.75,1940.51001,1940.51001,5338250000.008/27/15,1942.77002,1989.599976,1942.77002,1987.660034,1987.660034,5006390000.008/28/15,1986.060059,1993.47998,1975.189941,1988.869995,1988.869995,3949080000.008/31/15,1986.72998,1986.72998,1965.97998,1972.180054,1972.180054,3915100000.009/1/15,1970.089966,1970.089966,1903.069946,1913.849976,1913.849976,4371850000.009/2/15,1916.52002,1948.910034,1916.52002,1948.859985,1948.859985,3742620000.009/3/15,1950.790039,1975.01001,1944.719971,1951.130005,1951.130005,3520700000.009/4/15,1947.76001,1947.76001,1911.209961,1921.219971,1921.219971,3167090000.009/8/15,1927.300049,1970.420044,1927.300049,1969.410034,1969.410034,3548650000.009/9/15,1971.449951,1988.630005,1937.880005,1942.040039,1942.040039,3652120000.009/10/15,1941.589966,1965.290039,1937.189941,1952.290039,1952.290039,3626320000.009/11/15,1951.449951,1961.050049,1939.189941,1961.050049,1961.050049,3218590000.009/14/15,1963.060059,1963.060059,1948.27002,1953.030029,1953.030029,3000200000.009/15/15,1955.099976,1983.189941,1954.300049,1978.089966,1978.089966,3239860000.009/16/15,1978.02002,1997.26001,1977.930054,1995.310059,1995.310059,3630680000.009/17/15,1995.329956,2020.859985,1986.72998,1990.199951,1990.199951,4183790000.009/18/15,1989.660034,1989.660034,1953.449951,1958.030029,1958.030029,6021240000.009/21/15,1960.839966,1979.640015,1955.800049,1966.969971,1966.969971,3269350000.009/22/15,1961.390015,1961.390015,1929.219971,1942.73999,1942.73999,3808260000.009/23/15,1943.23999,1949.52002,1932.569946,1938.76001,1938.76001,3190530000.009/24/15,1934.810059,1937.170044,1908.920044,1932.23999,1932.23999,4091530000.009/25/15,1935.930054,1952.890015,1921.5,1931.339966,1931.339966,3721870000.009/28/15,1929.180054,1929.180054,1879.209961,1881.77002,1881.77002,4326660000.009/29/15,1881.900024,1899.47998,1871.910034,1884.089966,1884.089966,4132390000.009/30/15,1887.140015,1920.530029,1887.140015,1920.030029,1920.030029,4525070000.0010/1/15,1919.650024,1927.209961,1900.699951,1923.819946,1923.819946,3983600000.0010/2/15,1921.77002,1951.359985,1893.699951,1951.359985,1951.359985,4378570000.0010/5/15,1954.329956,1989.170044,1954.329956,1987.050049,1987.050049,4334490000.0010/6/15,1986.630005,1991.619995,1971.98999,1979.920044,1979.920044,4202400000.0010/7/15,1982.339966,1999.310059,1976.439941,1995.829956,1995.829956,4666470000.0010/8/15,1994.01001,2016.5,1987.530029,2013.430054,2013.430054,3939140000.0010/9/15,2013.72998,2020.130005,2007.609985,2014.890015,2014.890015,3706900000.0010/12/15,2015.650024,2018.660034,2010.550049,2017.459961,2017.459961,2893250000.0010/13/15,2015,2022.339966,2001.780029,2003.689941,2003.689941,3401920000.0010/14/15,2003.660034,2009.560059,1990.72998,1994.23999,1994.23999,3644590000.0010/15/15,1996.469971,2024.150024,1996.469971,2023.859985,2023.859985,3746290000.0010/16/15,2024.369995,2033.540039,2020.459961,2033.109985,2033.109985,3595430000.0010/19/15,2031.72998,2034.449951,2022.310059,2033.660034,2033.660034,3287320000.0010/20/15,2033.130005,2039.119995,2026.609985,2030.77002,2030.77002,3331500000.0010/21/15,2033.469971,2037.969971,2017.219971,2018.939941,2018.939941,3627790000.0010/22/15,2021.880005,2055.199951,2021.880005,2052.51001,2052.51001,4430850000.0010/23/15,2058.189941,2079.73999,2058.189941,2075.149902,2075.149902,4108460000.0010/26/15,2075.080078,2075.139893,2066.530029,2071.179932,2071.179932,3385800000.0010/27/15,2068.75,2070.370117,2058.840088,2065.889893,2065.889893,4216880000.0010/28/15,2066.47998,2090.350098,2063.110107,2090.350098,2090.350098,4698110000.0010/29/15,2088.350098,2092.52002,2082.629883,2089.409912,2089.409912,4008940000.0010/30/15,2090,2094.320068,2079.340088,2079.360107,2079.360107,4256200000.0011/2/15,2080.76001,2106.199951,2080.76001,2104.050049,2104.050049,3760020000.0011/3/15,2102.629883,2116.47998,2097.51001,2109.790039,2109.790039,4272060000.0011/4/15,2110.600098,2114.590088,2096.97998,2102.310059,2102.310059,4078870000.0011/5/15,2101.679932,2108.780029,2090.409912,2099.929932,2099.929932,4051890000.0011/6/15,2098.600098,2101.909912,2083.73999,2099.199951,2099.199951,4369020000.0011/9/15,2096.560059,2096.560059,2068.23999,2078.580078,2078.580078,3882350000.0011/10/15,2077.189941,2083.669922,2069.909912,2081.719971,2081.719971,3821440000.0011/11/15,2083.409912,2086.939941,2074.850098,2075,2075,3692410000.0011/12/15,2072.290039,2072.290039,2045.660034,2045.969971,2045.969971,4016370000.0011/13/15,2044.640015,2044.640015,2022.02002,2023.040039,2023.040039,4278750000.0011/16/15,2022.079956,2053.219971,2019.390015,2053.189941,2053.189941,3741240000.0011/17/15,2053.669922,2066.689941,2045.900024,2050.439941,2050.439941,4427350000.0011/18/15,2051.98999,2085.310059,2051.98999,2083.580078,2083.580078,3926390000.0011/19/15,2083.699951,2086.73999,2078.76001,2081.23999,2081.23999,3628110000.0011/20/15,2082.820068,2097.060059,2082.820068,2089.169922,2089.169922,3929600000.0011/23/15,2089.409912,2095.610107,2081.389893,2086.590088,2086.590088,3587980000.0011/24/15,2084.419922,2094.120117,2070.290039,2089.139893,2089.139893,3884930000.0011/25/15,2089.300049,2093,2086.300049,2088.870117,2088.870117,2852940000.0011/27/15,2088.820068,2093.290039,2084.129883,2090.110107,2090.110107,1466840000.0011/30/15,2090.949951,2093.810059,2080.409912,2080.409912,2080.409912,4275030000.0012/1/15,2082.929932,2103.370117,2082.929932,2102.629883,2102.629883,3712120000.0012/2/15,2101.709961,2104.27002,2077.110107,2079.51001,2079.51001,3950640000.0012/3/15,2080.709961,2085,2042.349976,2049.620117,2049.620117,4306490000.0012/4/15,2051.23999,2093.840088,2051.23999,2091.689941,2091.689941,4214910000.0012/7/15,2090.419922,2090.419922,2066.780029,2077.070068,2077.070068,4043820000.0012/8/15,2073.389893,2073.850098,2052.320068,2063.590088,2063.590088,4173570000.0012/9/15,2061.169922,2080.330078,2036.530029,2047.619995,2047.619995,4385250000.0012/10/15,2047.930054,2067.649902,2045.670044,2052.22998,2052.22998,3715150000.0012/11/15,2047.27002,2047.27002,2008.800049,2012.369995,2012.369995,4301060000.0012/14/15,2013.369995,2022.920044,1993.26001,2021.939941,2021.939941,4612440000.0012/15/15,2025.550049,2053.870117,2025.550049,2043.410034,2043.410034,4353540000.0012/16/15,2046.5,2076.719971,2042.430054,2073.070068,2073.070068,4635450000.0012/17/15,2073.76001,2076.370117,2041.660034,2041.890015,2041.890015,4327390000.0012/18/15,2040.810059,2040.810059,2005.329956,2005.550049,2005.550049,6683070000.0012/21/15,2010.27002,2022.900024,2005.930054,2021.150024,2021.150024,3760280000.0012/22/15,2023.150024,2042.73999,2020.48999,2038.969971,2038.969971,3520860000.0012/23/15,2042.199951,2064.72998,2042.199951,2064.290039,2064.290039,3484090000.0012/24/15,2063.52002,2067.360107,2058.72998,2060.98999,2060.98999,1411860000.0012/28/15,2057.77002,2057.77002,2044.199951,2056.5,2056.5,2492510000.0012/29/15,2060.540039,2081.560059,2060.540039,2078.360107,2078.360107,2542000000.0012/30/15,2077.340088,2077.340088,2061.969971,2063.360107,2063.360107,2367430000.0012/31/15,2060.590088,2062.540039,2043.619995,2043.939941,2043.939941,2655330000.001/4/16,2038.199951,2038.199951,1989.680054,2012.660034,2012.660034,4304880000.001/5/16,2013.780029,2021.939941,2004.170044,2016.709961,2016.709961,3706620000.001/6/16,2011.709961,2011.709961,1979.050049,1990.26001,1990.26001,4336660000.001/7/16,1985.319946,1985.319946,1938.829956,1943.089966,1943.089966,5076590000.001/8/16,1945.969971,1960.400024,1918.459961,1922.030029,1922.030029,4664940000.001/11/16,1926.119995,1935.650024,1901.099976,1923.670044,1923.670044,4607290000.001/12/16,1927.829956,1947.380005,1914.349976,1938.680054,1938.680054,4887260000.001/13/16,1940.339966,1950.329956,1886.410034,1890.280029,1890.280029,5087030000.001/14/16,1891.680054,1934.469971,1878.930054,1921.839966,1921.839966,5241110000.001/15/16,1916.680054,1916.680054,1857.829956,1880.329956,1880.329956,5468460000.001/19/16,1888.660034,1901.439941,1864.599976,1881.329956,1881.329956,4928350000.001/20/16,1876.180054,1876.180054,1812.290039,1859.329956,1859.329956,6416070000.001/21/16,1861.459961,1889.849976,1848.97998,1868.98999,1868.98999,5078810000.001/22/16,1877.400024,1908.849976,1877.400024,1906.900024,1906.900024,4901760000.001/25/16,1906.280029,1906.280029,1875.969971,1877.079956,1877.079956,4401380000.001/26/16,1878.790039,1906.72998,1878.790039,1903.630005,1903.630005,4357940000.001/27/16,1902.52002,1916.98999,1872.699951,1882.949951,1882.949951,4754040000.001/28/16,1885.219971,1902.959961,1873.650024,1893.359985,1893.359985,4693010000.001/29/16,1894,1940.23999,1894,1940.23999,1940.23999,5497570000.002/1/16,1936.939941,1947.199951,1920.300049,1939.380005,1939.380005,4322530000.002/2/16,1935.26001,1935.26001,1897.290039,1903.030029,1903.030029,4463190000.002/3/16,1907.069946,1918.01001,1872.22998,1912.530029,1912.530029,5172950000.002/4/16,1911.670044,1927.349976,1900.52002,1915.449951,1915.449951,5193320000.002/5/16,1913.069946,1913.069946,1872.650024,1880.050049,1880.050049,4929940000.002/8/16,1873.25,1873.25,1828.459961,1853.439941,1853.439941,5636460000.002/9/16,1848.459961,1868.25,1834.939941,1852.209961,1852.209961,5183220000.002/10/16,1857.099976,1881.599976,1850.319946,1851.859985,1851.859985,4471170000.002/11/16,1847,1847,1810.099976,1829.079956,1829.079956,5500800000.002/12/16,1833.400024,1864.780029,1833.400024,1864.780029,1864.780029,4696920000.002/16/16,1871.439941,1895.77002,1871.439941,1895.579956,1895.579956,4570670000.002/17/16,1898.800049,1930.680054,1898.800049,1926.819946,1926.819946,5011540000.002/18/16,1927.569946,1930,1915.089966,1917.829956,1917.829956,4436490000.002/19/16,1916.73999,1918.780029,1902.170044,1917.780029,1917.780029,4142850000.002/22/16,1924.439941,1946.699951,1924.439941,1945.5,1945.5,4054710000.002/23/16,1942.380005,1942.380005,1919.439941,1921.27002,1921.27002,3890650000.002/24/16,1917.560059,1932.079956,1891,1929.800049,1929.800049,4317250000.002/25/16,1931.869995,1951.829956,1925.410034,1951.699951,1951.699951,4118210000.002/26/16,1954.949951,1962.959961,1945.780029,1948.050049,1948.050049,4348510000.002/29/16,1947.130005,1958.27002,1931.810059,1932.22998,1932.22998,4588180000.003/1/16,1937.089966,1978.349976,1937.089966,1978.349976,1978.349976,4819750000.003/2/16,1976.599976,1986.51001,1968.800049,1986.449951,1986.449951,4666610000.003/3/16,1985.599976,1993.689941,1977.369995,1993.400024,1993.400024,5081700000.003/4/16,1994.01001,2009.130005,1986.77002,1999.98999,1999.98999,6049930000.003/7/16,1996.109985,2006.119995,1989.380005,2001.76001,2001.76001,4968180000.003/8/16,1996.880005,1996.880005,1977.430054,1979.26001,1979.26001,4641650000.003/9/16,1981.439941,1992.689941,1979.839966,1989.26001,1989.26001,4038120000.003/10/16,1990.969971,2005.079956,1969.25,1989.569946,1989.569946,4376790000.003/11/16,1994.709961,2022.369995,1994.709961,2022.189941,2022.189941,4078620000.003/14/16,2019.27002,2024.569946,2012.050049,2019.640015,2019.640015,3487850000.003/15/16,2015.27002,2015.939941,2005.22998,2015.930054,2015.930054,3560280000.003/16/16,2014.23999,2032.02002,2010.040039,2027.219971,2027.219971,4057020000.003/17/16,2026.900024,2046.23999,2022.160034,2040.589966,2040.589966,4530480000.003/18/16,2041.160034,2052.360107,2041.160034,2049.580078,2049.580078,6503140000.003/21/16,2047.880005,2053.909912,2043.140015,2051.600098,2051.600098,3376600000.003/22/16,2048.639893,2056.600098,2040.569946,2049.800049,2049.800049,3418460000.003/23/16,2048.550049,2048.550049,2034.859985,2036.709961,2036.709961,3639510000.003/24/16,2032.47998,2036.040039,2022.48999,2035.939941,2035.939941,3407720000.003/28/16,2037.890015,2042.670044,2031.959961,2037.050049,2037.050049,2809090000.003/29/16,2035.75,2055.909912,2028.310059,2055.01001,2055.01001,3822330000.003/30/16,2058.27002,2072.209961,2058.27002,2063.949951,2063.949951,3590310000.003/31/16,2063.77002,2067.919922,2057.459961,2059.73999,2059.73999,3715280000.004/1/16,2056.620117,2075.070068,2043.97998,2072.780029,2072.780029,3749990000.004/4/16,2073.189941,2074.02002,2062.570068,2066.129883,2066.129883,3485710000.004/5/16,2062.5,2062.5,2042.560059,2045.170044,2045.170044,4154920000.004/6/16,2045.560059,2067.330078,2043.089966,2066.659912,2066.659912,3750800000.004/7/16,2063.01001,2063.01001,2033.800049,2041.910034,2041.910034,3801250000.004/8/16,2045.540039,2060.629883,2041.689941,2047.599976,2047.599976,3359530000.004/11/16,2050.22998,2062.929932,2041.880005,2041.98999,2041.98999,3567840000.004/12/16,2043.719971,2065.050049,2039.73999,2061.719971,2061.719971,4239740000.004/13/16,2065.919922,2083.179932,2065.919922,2082.419922,2082.419922,4191830000.004/14/16,2082.889893,2087.840088,2078.129883,2082.780029,2082.780029,3765870000.004/15/16,2083.100098,2083.219971,2076.310059,2080.72998,2080.72998,3701450000.004/18/16,2078.830078,2094.659912,2073.649902,2094.340088,2094.340088,3316880000.004/19/16,2096.050049,2104.050049,2091.679932,2100.800049,2100.800049,3896830000.004/20/16,2101.52002,2111.050049,2096.320068,2102.399902,2102.399902,4184880000.004/21/16,2102.090088,2103.780029,2088.52002,2091.47998,2091.47998,4175290000.004/22/16,2091.48999,2094.320068,2081.199951,2091.580078,2091.580078,3790580000.004/25/16,2089.370117,2089.370117,2077.52002,2087.790039,2087.790039,3319740000.004/26/16,2089.840088,2096.870117,2085.800049,2091.699951,2091.699951,3557190000.004/27/16,2092.330078,2099.889893,2082.310059,2095.149902,2095.149902,4100110000.004/28/16,2090.929932,2099.300049,2071.620117,2075.810059,2075.810059,4309840000.004/29/16,2071.820068,2073.850098,2052.280029,2065.300049,2065.300049,4704720000.005/2/16,2067.169922,2083.419922,2066.110107,2081.429932,2081.429932,3841110000.005/3/16,2077.179932,2077.179932,2054.889893,2063.370117,2063.370117,4173390000.005/4/16,2060.300049,2060.300049,2045.550049,2051.120117,2051.120117,4058560000.005/5/16,2052.949951,2060.22998,2045.77002,2050.629883,2050.629883,4008530000.005/6/16,2047.77002,2057.719971,2039.449951,2057.139893,2057.139893,3796350000.005/9/16,2057.550049,2064.149902,2054.310059,2058.689941,2058.689941,3788620000.005/10/16,2062.629883,2084.870117,2062.629883,2084.389893,2084.389893,3600200000.005/11/16,2083.290039,2083.290039,2064.459961,2064.459961,2064.459961,3821980000.005/12/16,2067.169922,2073.98999,2053.129883,2064.110107,2064.110107,3782390000.005/13/16,2062.5,2066.790039,2043.130005,2046.609985,2046.609985,3579880000.005/16/16,2046.530029,2071.879883,2046.530029,2066.659912,2066.659912,3501360000.005/17/16,2065.040039,2065.689941,2040.819946,2047.209961,2047.209961,4108960000.005/18/16,2044.380005,2060.610107,2034.48999,2047.630005,2047.630005,4101320000.005/19/16,2044.209961,2044.209961,2025.910034,2040.040039,2040.040039,3846770000.005/20/16,2041.880005,2058.350098,2041.880005,2052.320068,2052.320068,3507650000.005/23/16,2052.22998,2055.580078,2047.26001,2048.040039,2048.040039,3055480000.005/24/16,2052.649902,2079.669922,2052.649902,2076.060059,2076.060059,3627340000.005/25/16,2078.929932,2094.72998,2078.929932,2090.540039,2090.540039,3859160000.005/26/16,2091.439941,2094.300049,2087.080078,2090.100098,2090.100098,3230990000.005/27/16,2090.060059,2099.060059,2090.060059,2099.060059,2099.060059,3079150000.005/31/16,2100.129883,2103.47998,2088.659912,2096.949951,2096.949951,4514410000.006/1/16,2093.939941,2100.969971,2085.100098,2099.330078,2099.330078,3525170000.006/2/16,2097.709961,2105.26001,2088.590088,2105.26001,2105.26001,3632720000.006/3/16,2104.070068,2104.070068,2085.360107,2099.129883,2099.129883,3627780000.006/6/16,2100.830078,2113.360107,2100.830078,2109.409912,2109.409912,3442020000.006/7/16,2110.179932,2119.219971,2110.179932,2112.129883,2112.129883,3534730000.006/8/16,2112.709961,2120.550049,2112.709961,2119.120117,2119.120117,3562060000.006/9/16,2115.649902,2117.639893,2107.72998,2115.47998,2115.47998,3290320000.006/10/16,2109.570068,2109.570068,2089.959961,2096.070068,2096.070068,3515010000.006/13/16,2091.75,2098.120117,2078.459961,2079.060059,2079.060059,3392030000.006/14/16,2076.649902,2081.300049,2064.100098,2075.320068,2075.320068,3759770000.006/15/16,2077.600098,2085.649902,2069.800049,2071.5,2071.5,3544720000.006/16/16,2066.360107,2079.620117,2050.370117,2077.98999,2077.98999,3628280000.006/17/16,2078.199951,2078.199951,2062.840088,2071.219971,2071.219971,4952630000.006/20/16,2075.580078,2100.659912,2075.580078,2083.25,2083.25,3467440000.006/21/16,2085.189941,2093.659912,2083.02002,2088.899902,2088.899902,3232880000.006/22/16,2089.75,2099.709961,2084.360107,2085.449951,2085.449951,3168160000.006/23/16,2092.800049,2113.320068,2092.800049,2113.320068,2113.320068,3297940000.006/24/16,2103.810059,2103.810059,2032.569946,2037.410034,2037.410034,7597450000.006/27/16,2031.449951,2031.449951,1991.680054,2000.540039,2000.540039,5431220000.006/28/16,2006.670044,2036.089966,2006.670044,2036.089966,2036.089966,4385810000.006/29/16,2042.689941,2073.129883,2042.689941,2070.77002,2070.77002,4241740000.006/30/16,2073.169922,2098.939941,2070,2098.860107,2098.860107,4622820000.007/1/16,2099.340088,2108.709961,2097.899902,2102.949951,2102.949951,3458890000.007/5/16,2095.050049,2095.050049,2080.860107,2088.550049,2088.550049,3658380000.007/6/16,2084.429932,2100.719971,2074.02002,2099.72998,2099.72998,3909380000.007/7/16,2100.419922,2109.080078,2089.389893,2097.899902,2097.899902,3604550000.007/8/16,2106.969971,2131.709961,2106.969971,2129.899902,2129.899902,3607500000.007/11/16,2131.719971,2143.159912,2131.719971,2137.159912,2137.159912,3253340000.007/12/16,2139.5,2155.399902,2139.5,2152.139893,2152.139893,4097820000.007/13/16,2153.810059,2156.449951,2146.209961,2152.429932,2152.429932,3502320000.007/14/16,2157.879883,2168.98999,2157.879883,2163.75,2163.75,3465610000.007/15/16,2165.129883,2169.050049,2155.790039,2161.73999,2161.73999,3122600000.007/18/16,2162.040039,2168.350098,2159.629883,2166.889893,2166.889893,3009310000.007/19/16,2163.790039,2164.629883,2159.01001,2163.780029,2163.780029,2968340000.007/20/16,2166.100098,2175.629883,2164.889893,2173.02002,2173.02002,3211860000.007/21/16,2172.909912,2174.560059,2159.75,2165.169922,2165.169922,3438900000.007/22/16,2166.469971,2175.110107,2163.23999,2175.030029,2175.030029,3023280000.007/25/16,2173.709961,2173.709961,2161.949951,2168.47998,2168.47998,3057240000.007/26/16,2168.969971,2173.540039,2160.179932,2169.179932,2169.179932,3442350000.007/27/16,2169.810059,2174.97998,2159.070068,2166.580078,2166.580078,3995500000.007/28/16,2166.050049,2172.850098,2159.73999,2170.060059,2170.060059,3664240000.007/29/16,2168.830078,2177.090088,2163.48999,2173.600098,2173.600098,4038840000.008/1/16,2173.149902,2178.290039,2166.209961,2170.840088,2170.840088,3505990000.008/2/16,2169.939941,2170.199951,2147.580078,2157.030029,2157.030029,3848750000.008/3/16,2156.810059,2163.790039,2152.560059,2163.790039,2163.790039,3786530000.008/4/16,2163.51001,2168.189941,2159.070068,2164.25,2164.25,3709200000.008/5/16,2168.790039,2182.870117,2168.790039,2182.870117,2182.870117,3663070000.008/8/16,2183.76001,2185.439941,2177.850098,2180.889893,2180.889893,3327550000.008/9/16,2182.23999,2187.659912,2178.610107,2181.73999,2181.73999,3334300000.008/10/16,2182.810059,2183.409912,2172,2175.48999,2175.48999,3254950000.008/11/16,2177.969971,2188.449951,2177.969971,2185.790039,2185.790039,3423160000.008/12/16,2183.73999,2186.280029,2179.419922,2184.050049,2184.050049,3000660000.008/15/16,2186.080078,2193.810059,2186.080078,2190.149902,2190.149902,3078530000.008/16/16,2186.23999,2186.23999,2178.139893,2178.149902,2178.149902,3196400000.008/17/16,2177.840088,2183.080078,2168.5,2182.219971,2182.219971,3388910000.008/18/16,2181.899902,2187.030029,2180.459961,2187.02002,2187.02002,3300570000.008/19/16,2184.23999,2185,2175.129883,2183.870117,2183.870117,3084800000.008/22/16,2181.580078,2185.149902,2175.959961,2182.639893,2182.639893,2777550000.008/23/16,2187.810059,2193.419922,2186.800049,2186.899902,2186.899902,3041490000.008/24/16,2185.090088,2186.659912,2171.25,2175.439941,2175.439941,3148280000.008/25/16,2173.290039,2179,2169.73999,2172.469971,2172.469971,2969310000.008/26/16,2175.100098,2187.939941,2160.389893,2169.040039,2169.040039,3342340000.008/29/16,2170.189941,2183.47998,2170.189941,2180.379883,2180.379883,2654780000.008/30/16,2179.449951,2182.27002,2170.409912,2176.120117,2176.120117,3006800000.008/31/16,2173.560059,2173.790039,2161.350098,2170.949951,2170.949951,3766390000.009/1/16,2171.330078,2173.560059,2157.090088,2170.860107,2170.860107,3392120000.009/2/16,2177.48999,2184.870117,2173.590088,2179.97998,2179.97998,3091120000.009/6/16,2181.610107,2186.570068,2175.100098,2186.47998,2186.47998,3447650000.009/7/16,2185.169922,2187.870117,2179.070068,2186.159912,2186.159912,3319420000.009/8/16,2182.76001,2184.939941,2177.48999,2181.300049,2181.300049,3727840000.009/9/16,2169.080078,2169.080078,2127.810059,2127.810059,2127.810059,4233960000.009/12/16,2120.860107,2163.300049,2119.120117,2159.040039,2159.040039,4010480000.009/13/16,2150.469971,2150.469971,2120.27002,2127.02002,2127.02002,4141670000.009/14/16,2127.860107,2141.330078,2119.899902,2125.77002,2125.77002,3664100000.009/15/16,2125.360107,2151.310059,2122.360107,2147.26001,2147.26001,3373720000.009/16/16,2146.47998,2146.47998,2131.199951,2139.159912,2139.159912,5014360000.009/19/16,2143.98999,2153.610107,2135.909912,2139.120117,2139.120117,3163000000.009/20/16,2145.939941,2150.800049,2139.169922,2139.76001,2139.76001,3140730000.009/21/16,2144.580078,2165.110107,2139.570068,2163.120117,2163.120117,3712090000.009/22/16,2170.939941,2179.98999,2170.939941,2177.179932,2177.179932,3552830000.009/23/16,2173.290039,2173.75,2163.969971,2164.689941,2164.689941,3317190000.009/26/16,2158.540039,2158.540039,2145.040039,2146.100098,2146.100098,3216170000.009/27/16,2146.040039,2161.129883,2141.550049,2159.929932,2159.929932,3437770000.009/28/16,2161.850098,2172.399902,2151.790039,2171.370117,2171.370117,3891460000.009/29/16,2168.899902,2172.669922,2145.199951,2151.129883,2151.129883,4249220000.009/30/16,2156.51001,2175.300049,2156.51001,2168.27002,2168.27002,4173340000.0010/3/16,2164.330078,2164.409912,2154.77002,2161.199951,2161.199951,3137550000.0010/4/16,2163.370117,2165.459961,2144.01001,2150.48999,2150.48999,3750890000.0010/5/16,2155.149902,2163.949951,2155.149902,2159.72998,2159.72998,3906550000.0010/6/16,2158.219971,2162.929932,2150.280029,2160.77002,2160.77002,3461550000.0010/7/16,2164.189941,2165.860107,2144.850098,2153.73999,2153.73999,3619890000.0010/10/16,2160.389893,2169.600098,2160.389893,2163.659912,2163.659912,2916550000.0010/11/16,2161.350098,2161.560059,2128.840088,2136.72998,2136.72998,3438270000.0010/12/16,2137.669922,2145.360107,2132.77002,2139.179932,2139.179932,2977100000.0010/13/16,2130.26001,2138.189941,2114.719971,2132.550049,2132.550049,3580450000.0010/14/16,2139.679932,2149.189941,2132.97998,2132.97998,2132.97998,3228150000.0010/17/16,2132.949951,2135.610107,2124.429932,2126.5,2126.5,2830390000.0010/18/16,2138.310059,2144.379883,2135.48999,2139.600098,2139.600098,3170000000.0010/19/16,2140.810059,2148.439941,2138.149902,2144.290039,2144.290039,3362670000.0010/20/16,2142.51001,2147.179932,2133.439941,2141.340088,2141.340088,3337170000.0010/21/16,2139.429932,2142.629883,2130.090088,2141.159912,2141.159912,3448850000.0010/24/16,2148.5,2154.790039,2146.909912,2151.330078,2151.330078,3357320000.0010/25/16,2149.719971,2151.439941,2141.929932,2143.159912,2143.159912,3751340000.0010/26/16,2136.969971,2145.72998,2131.590088,2139.429932,2139.429932,3775200000.0010/27/16,2144.060059,2147.129883,2132.52002,2133.040039,2133.040039,4204830000.0010/28/16,2132.22998,2140.719971,2119.360107,2126.409912,2126.409912,4019510000.0010/31/16,2129.780029,2133.25,2125.530029,2126.149902,2126.149902,3922400000.0011/1/16,2128.679932,2131.449951,2097.850098,2111.719971,2111.719971,4532160000.0011/2/16,2109.429932,2111.76001,2094,2097.939941,2097.939941,4248580000.0011/3/16,2098.800049,2102.560059,2085.22998,2088.659912,2088.659912,3886740000.0011/4/16,2083.790039,2099.070068,2083.790039,2085.179932,2085.179932,3837860000.0011/7/16,2100.590088,2132,2100.590088,2131.52002,2131.52002,3736060000.0011/8/16,2129.919922,2146.870117,2123.560059,2139.560059,2139.560059,3916930000.0011/9/16,2131.560059,2170.100098,2125.350098,2163.26001,2163.26001,6264150000.0011/10/16,2167.48999,2182.300049,2151.169922,2167.47998,2167.47998,6451640000.0011/11/16,2162.709961,2165.919922,2152.48999,2164.449951,2164.449951,4988050000.0011/14/16,2165.639893,2171.360107,2156.080078,2164.199951,2164.199951,5367200000.0011/15/16,2168.290039,2180.840088,2166.379883,2180.389893,2180.389893,4543860000.0011/16/16,2177.530029,2179.219971,2172.199951,2176.939941,2176.939941,3830590000.0011/17/16,2178.610107,2188.060059,2176.649902,2187.120117,2187.120117,3809160000.0011/18/16,2186.850098,2189.889893,2180.379883,2181.899902,2181.899902,3572400000.0011/21/16,2186.429932,2198.699951,2186.429932,2198.179932,2198.179932,3607010000.0011/22/16,2201.560059,2204.800049,2194.51001,2202.939941,2202.939941,3957940000.0011/23/16,2198.550049,2204.719971,2194.51001,2204.719971,2204.719971,3418640000.0011/25/16,2206.27002,2213.350098,2206.27002,2213.350098,2213.350098,1584600000.0011/28/16,2210.209961,2211.139893,2200.360107,2201.719971,2201.719971,3505650000.0011/29/16,2200.76001,2210.459961,2198.149902,2204.659912,2204.659912,3706560000.0011/30/16,2204.969971,2214.100098,2198.810059,2198.810059,2198.810059,5533980000.0012/1/16,2200.169922,2202.600098,2187.439941,2191.080078,2191.080078,5063740000.0012/2/16,2191.120117,2197.949951,2188.370117,2191.949951,2191.949951,3779500000.0012/5/16,2200.649902,2209.419922,2199.969971,2204.709961,2204.709961,3895230000.0012/6/16,2207.26001,2212.780029,2202.209961,2212.22998,2212.22998,3855320000.0012/7/16,2210.719971,2241.629883,2208.929932,2241.350098,2241.350098,4501820000.0012/8/16,2241.129883,2251.689941,2237.570068,2246.189941,2246.189941,4200580000.0012/9/16,2249.72998,2259.800049,2249.22998,2259.530029,2259.530029,3884480000.0012/12/16,2258.830078,2264.030029,2252.370117,2256.959961,2256.959961,4034510000.0012/13/16,2263.320068,2277.530029,2263.320068,2271.719971,2271.719971,3857590000.0012/14/16,2268.350098,2276.199951,2248.439941,2253.280029,2253.280029,4406970000.0012/15/16,2253.77002,2272.120117,2253.77002,2262.030029,2262.030029,4168200000.0012/16/16,2266.810059,2268.050049,2254.23999,2258.070068,2258.070068,5920340000.0012/19/16,2259.23999,2267.469971,2258.209961,2262.530029,2262.530029,3248370000.0012/20/16,2266.5,2272.560059,2266.139893,2270.76001,2270.76001,3298780000.0012/21/16,2270.540039,2271.22998,2265.149902,2265.179932,2265.179932,2852230000.0012/22/16,2262.929932,2263.179932,2256.080078,2260.959961,2260.959961,2876320000.0012/23/16,2260.25,2263.790039,2258.840088,2263.790039,2263.790039,2020550000.0012/27/16,2266.22998,2273.820068,2266.149902,2268.879883,2268.879883,1987080000.0012/28/16,2270.22998,2271.310059,2249.110107,2249.919922,2249.919922,2392360000.0012/29/16,2249.5,2254.51001,2244.560059,2249.26001,2249.26001,2336370000.0012/30/16,2251.610107,2253.580078,2233.620117,2238.830078,2238.830078,2670900000.001/3/17,2251.570068,2263.879883,2245.129883,2257.830078,2257.830078,3770530000.001/4/17,2261.600098,2272.820068,2261.600098,2270.75,2270.75,3764890000.001/5/17,2268.179932,2271.5,2260.449951,2269,2269,3761820000.001/6/17,2271.139893,2282.100098,2264.060059,2276.97998,2276.97998,3339890000.001/9/17,2273.590088,2275.48999,2268.899902,2268.899902,2268.899902,3217610000.001/10/17,2269.719971,2279.27002,2265.27002,2268.899902,2268.899902,3638790000.001/11/17,2268.600098,2275.320068,2260.830078,2275.320068,2275.320068,3620410000.001/12/17,2271.139893,2271.780029,2254.25,2270.439941,2270.439941,3462130000.001/13/17,2272.73999,2278.679932,2271.51001,2274.639893,2274.639893,3081270000.001/17/17,2269.139893,2272.080078,2262.810059,2267.889893,2267.889893,3584990000.001/18/17,2269.139893,2272.01001,2263.350098,2271.889893,2271.889893,3315250000.001/19/17,2271.899902,2274.330078,2258.409912,2263.689941,2263.689941,3165970000.001/20/17,2269.959961,2276.959961,2265.01001,2271.310059,2271.310059,3524970000.001/23/17,2267.780029,2271.780029,2257.02002,2265.199951,2265.199951,3152710000.001/24/17,2267.879883,2284.629883,2266.679932,2280.070068,2280.070068,3810960000.001/25/17,2288.879883,2299.550049,2288.879883,2298.370117,2298.370117,3846020000.001/26/17,2298.629883,2300.98999,2294.080078,2296.679932,2296.679932,3610360000.001/27/17,2299.02002,2299.02002,2291.620117,2294.689941,2294.689941,3135890000.001/30/17,2286.01001,2286.01001,2268.040039,2280.899902,2280.899902,3591270000.001/31/17,2274.02002,2279.090088,2267.209961,2278.870117,2278.870117,4087450000.002/1/17,2285.590088,2289.139893,2272.439941,2279.550049,2279.550049,3916610000.002/2/17,2276.689941,2283.969971,2271.649902,2280.850098,2280.850098,3807710000.002/3/17,2288.540039,2298.310059,2287.879883,2297.419922,2297.419922,3597970000.002/6/17,2294.280029,2296.179932,2288.570068,2292.560059,2292.560059,3109050000.002/7/17,2295.870117,2299.399902,2290.159912,2293.080078,2293.080078,3448690000.002/8/17,2289.550049,2295.909912,2285.379883,2294.669922,2294.669922,3609740000.002/9/17,2296.699951,2311.080078,2296.610107,2307.870117,2307.870117,3677940000.002/10/17,2312.27002,2319.22998,2311.100098,2316.100098,2316.100098,3475020000.002/13/17,2321.719971,2331.580078,2321.419922,2328.25,2328.25,3349730000.002/14/17,2326.120117,2337.580078,2322.169922,2337.580078,2337.580078,3520910000.002/15/17,2335.580078,2351.300049,2334.810059,2349.25,2349.25,3775590000.002/16/17,2349.639893,2351.310059,2338.870117,2347.219971,2347.219971,3672370000.002/17/17,2343.01001,2351.159912,2339.580078,2351.159912,2351.159912,3513060000.002/21/17,2354.909912,2366.709961,2354.909912,2365.379883,2365.379883,3579780000.002/22/17,2361.110107,2365.129883,2358.340088,2362.820068,2362.820068,3468670000.002/23/17,2367.5,2368.26001,2355.090088,2363.810059,2363.810059,4015260000.002/24/17,2355.72998,2367.340088,2352.870117,2367.340088,2367.340088,3831570000.002/27/17,2365.22998,2371.540039,2361.870117,2369.75,2369.75,3582610000.002/28/17,2366.080078,2367.790039,2358.959961,2363.639893,2363.639893,4210140000.003/1/17,2380.129883,2400.97998,2380.129883,2395.959961,2395.959961,4345180000.003/2/17,2394.75,2394.75,2380.169922,2381.919922,2381.919922,3821320000.003/3/17,2380.919922,2383.889893,2375.389893,2383.120117,2383.120117,3555260000.003/6/17,2375.22998,2378.800049,2367.97998,2375.310059,2375.310059,3232700000.003/7/17,2370.73999,2375.120117,2365.51001,2368.389893,2368.389893,3518390000.003/8/17,2369.810059,2373.090088,2361.01001,2362.97998,2362.97998,3812100000.003/9/17,2363.48999,2369.080078,2354.540039,2364.870117,2364.870117,3716340000.003/10/17,2372.52002,2376.860107,2363.040039,2372.600098,2372.600098,3432950000.003/13/17,2371.560059,2374.419922,2368.52002,2373.469971,2373.469971,3133900000.003/14/17,2368.550049,2368.550049,2358.179932,2365.449951,2365.449951,3172630000.003/15/17,2370.340088,2390.01001,2368.939941,2385.26001,2385.26001,3906840000.003/16/17,2387.709961,2388.100098,2377.179932,2381.379883,2381.379883,3365660000.003/17/17,2383.709961,2385.709961,2377.639893,2378.25,2378.25,5178040000.003/20/17,2378.23999,2379.550049,2369.659912,2373.469971,2373.469971,3054930000.003/21/17,2379.320068,2381.929932,2341.899902,2344.02002,2344.02002,4265590000.003/22/17,2343,2351.810059,2336.449951,2348.449951,2348.449951,3572730000.003/23/17,2345.969971,2358.919922,2342.129883,2345.959961,2345.959961,3260600000.003/24/17,2350.419922,2356.219971,2335.73999,2343.97998,2343.97998,2975130000.003/27/17,2329.110107,2344.899902,2322.25,2341.590088,2341.590088,3240230000.003/28/17,2339.790039,2363.780029,2337.629883,2358.570068,2358.570068,3367780000.003/29/17,2356.540039,2363.360107,2352.939941,2361.129883,2361.129883,3106940000.003/30/17,2361.310059,2370.419922,2358.580078,2368.060059,2368.060059,3158420000.003/31/17,2364.820068,2370.350098,2362.600098,2362.719971,2362.719971,3354110000.004/3/17,2362.340088,2365.870117,2344.72998,2358.840088,2358.840088,3416400000.004/4/17,2354.76001,2360.530029,2350.719971,2360.159912,2360.159912,3206240000.004/5/17,2366.590088,2378.360107,2350.52002,2352.949951,2352.949951,3770520000.004/6/17,2353.790039,2364.159912,2348.899902,2357.48999,2357.48999,3201920000.004/7/17,2356.590088,2363.76001,2350.73999,2355.540039,2355.540039,3053150000.004/10/17,2357.159912,2366.370117,2351.5,2357.159912,2357.159912,2785410000.004/11/17,2353.919922,2355.219971,2337.25,2353.780029,2353.780029,3117420000.004/12/17,2352.149902,2352.719971,2341.179932,2344.929932,2344.929932,3196950000.004/13/17,2341.97998,2348.26001,2328.949951,2328.949951,2328.949951,3143890000.004/17/17,2332.620117,2349.139893,2332.51001,2349.01001,2349.01001,2824710000.004/18/17,2342.530029,2348.350098,2334.540039,2342.189941,2342.189941,3269840000.004/19/17,2346.790039,2352.629883,2335.050049,2338.169922,2338.169922,3519900000.004/20/17,2342.689941,2361.370117,2340.909912,2355.840088,2355.840088,3647420000.004/21/17,2354.73999,2356.179932,2344.51001,2348.689941,2348.689941,3503360000.004/24/17,2370.330078,2376.97998,2369.189941,2374.149902,2374.149902,3690650000.004/25/17,2381.51001,2392.47998,2381.149902,2388.610107,2388.610107,3995240000.004/26/17,2388.97998,2398.159912,2386.780029,2387.449951,2387.449951,4105920000.004/27/17,2389.699951,2392.100098,2382.679932,2388.77002,2388.77002,4098460000.004/28/17,2393.679932,2393.679932,2382.360107,2384.199951,2384.199951,3718270000.005/1/17,2388.5,2394.48999,2384.830078,2388.330078,2388.330078,3199240000.005/2/17,2391.050049,2392.929932,2385.820068,2391.169922,2391.169922,3813680000.005/3/17,2386.5,2389.820068,2379.75,2388.129883,2388.129883,3893990000.005/4/17,2389.790039,2391.429932,2380.350098,2389.52002,2389.52002,4362540000.005/5/17,2392.370117,2399.290039,2389.379883,2399.290039,2399.290039,3540140000.005/8/17,2399.939941,2401.360107,2393.919922,2399.379883,2399.379883,3429440000.005/9/17,2401.580078,2403.870117,2392.439941,2396.919922,2396.919922,3653590000.005/10/17,2396.790039,2399.73999,2392.790039,2399.629883,2399.629883,3643530000.005/11/17,2394.840088,2395.719971,2381.73999,2394.439941,2394.439941,3727420000.005/12/17,2392.439941,2392.439941,2387.189941,2390.899902,2390.899902,3305630000.005/15/17,2393.97998,2404.050049,2393.939941,2402.320068,2402.320068,3473600000.005/16/17,2404.550049,2405.77002,2396.050049,2400.669922,2400.669922,3420790000.005/17/17,2382.949951,2384.870117,2356.209961,2357.030029,2357.030029,4163000000.005/18/17,2354.689941,2375.73999,2352.719971,2365.719971,2365.719971,4319420000.005/19/17,2371.370117,2389.060059,2370.429932,2381.72998,2381.72998,3825160000.005/22/17,2387.209961,2395.459961,2386.919922,2394.02002,2394.02002,3172830000.005/23/17,2397.040039,2400.850098,2393.879883,2398.419922,2398.419922,3213570000.005/24/17,2401.409912,2405.580078,2397.98999,2404.389893,2404.389893,3389900000.005/25/17,2409.540039,2418.709961,2408.01001,2415.070068,2415.070068,3535390000.005/26/17,2414.5,2416.679932,2412.199951,2415.820068,2415.820068,2805040000.005/30/17,2411.669922,2415.26001,2409.429932,2412.909912,2412.909912,3203160000.005/31/17,2415.629883,2415.98999,2403.590088,2411.800049,2411.800049,4516110000.006/1/17,2415.649902,2430.060059,2413.540039,2430.060059,2430.060059,3857140000.006/2/17,2431.280029,2440.22998,2427.709961,2439.070068,2439.070068,3461680000.006/5/17,2437.830078,2439.550049,2434.320068,2436.100098,2436.100098,2912600000.006/6/17,2431.919922,2436.209961,2428.120117,2429.330078,2429.330078,3357840000.006/7/17,2432.030029,2435.280029,2424.75,2433.139893,2433.139893,3572300000.006/8/17,2434.27002,2439.27002,2427.939941,2433.790039,2433.790039,3728860000.006/9/17,2436.389893,2446.199951,2415.699951,2431.77002,2431.77002,4027340000.006/12/17,2425.879883,2430.379883,2419.969971,2429.389893,2429.389893,4027750000.006/13/17,2434.149902,2441.48999,2431.280029,2440.350098,2440.350098,3275500000.006/14/17,2443.75,2443.75,2428.340088,2437.919922,2437.919922,3555590000.006/15/17,2424.139893,2433.949951,2418.530029,2432.459961,2432.459961,3353050000.006/16/17,2431.23999,2433.149902,2422.879883,2433.149902,2433.149902,5284720000.006/19/17,2442.550049,2453.820068,2441.790039,2453.459961,2453.459961,3264700000.006/20/17,2450.659912,2450.659912,2436.600098,2437.030029,2437.030029,3416510000.006/21/17,2439.310059,2442.22998,2430.73999,2435.610107,2435.610107,3594820000.006/22/17,2437.399902,2441.620117,2433.27002,2434.5,2434.5,3468210000.006/23/17,2434.649902,2441.399902,2431.110107,2438.300049,2438.300049,5278330000.006/26/17,2443.320068,2450.419922,2437.030029,2439.070068,2439.070068,3238970000.006/27/17,2436.340088,2440.149902,2419.379883,2419.379883,2419.379883,3563910000.006/28/17,2428.699951,2442.969971,2428.02002,2440.689941,2440.689941,3500800000.006/29/17,2442.379883,2442.72998,2405.699951,2419.699951,2419.699951,3900280000.006/30/17,2429.199951,2432.709961,2421.649902,2423.409912,2423.409912,3361590000.007/3/17,2431.389893,2439.169922,2428.689941,2429.01001,2429.01001,1962290000.007/5/17,2430.780029,2434.899902,2422.050049,2432.540039,2432.540039,3367220000.007/6/17,2423.439941,2424.280029,2407.699951,2409.75,2409.75,3364520000.007/7/17,2413.52002,2426.919922,2413.52002,2425.179932,2425.179932,2901330000.007/10/17,2424.51001,2432,2422.27002,2427.429932,2427.429932,2999130000.007/11/17,2427.350098,2429.300049,2412.790039,2425.530029,2425.530029,3106750000.007/12/17,2435.75,2445.76001,2435.75,2443.25,2443.25,3171620000.007/13/17,2444.98999,2449.320068,2441.689941,2447.830078,2447.830078,3067670000.007/14/17,2449.159912,2463.540039,2446.689941,2459.27002,2459.27002,2736640000.007/17/17,2459.5,2462.820068,2457.159912,2459.139893,2459.139893,2793170000.007/18/17,2455.879883,2460.919922,2450.340088,2460.610107,2460.610107,2962130000.007/19/17,2463.850098,2473.830078,2463.850098,2473.830078,2473.830078,3059760000.007/20/17,2475.560059,2477.620117,2468.429932,2473.449951,2473.449951,3182780000.007/21/17,2467.399902,2472.540039,2465.060059,2472.540039,2472.540039,3059570000.007/24/17,2472.040039,2473.100098,2466.320068,2469.909912,2469.909912,3010240000.007/25/17,2477.879883,2481.23999,2474.909912,2477.129883,2477.129883,4108060000.007/26/17,2479.969971,2481.689941,2474.939941,2477.830078,2477.830078,3557020000.007/27/17,2482.76001,2484.040039,2459.929932,2475.419922,2475.419922,3995520000.007/28/17,2469.120117,2473.530029,2464.659912,2472.100098,2472.100098,3294770000.007/31/17,2475.939941,2477.959961,2468.530029,2470.300049,2470.300049,3469210000.008/1/17,2477.100098,2478.51001,2471.139893,2476.350098,2476.350098,3460860000.008/2/17,2480.379883,2480.379883,2466.47998,2477.570068,2477.570068,3478580000.008/3/17,2476.030029,2476.030029,2468.850098,2472.159912,2472.159912,3645020000.008/4/17,2476.879883,2480,2472.080078,2476.830078,2476.830078,3235140000.008/7/17,2477.139893,2480.949951,2475.879883,2480.909912,2480.909912,2931780000.008/8/17,2478.350098,2490.870117,2470.320068,2474.919922,2474.919922,3344640000.008/9/17,2465.350098,2474.409912,2462.080078,2474.02002,2474.02002,3308060000.008/10/17,2465.379883,2465.379883,2437.75,2438.209961,2438.209961,3621070000.008/11/17,2441.040039,2448.090088,2437.850098,2441.320068,2441.320068,3159930000.008/14/17,2454.959961,2468.219971,2454.959961,2465.840088,2465.840088,2822550000.008/15/17,2468.659912,2468.899902,2461.610107,2464.610107,2464.610107,2913100000.008/16/17,2468.629883,2474.929932,2463.860107,2468.110107,2468.110107,2953650000.008/17/17,2462.949951,2465.02002,2430.01001,2430.01001,2430.01001,3142620000.008/18/17,2427.639893,2440.27002,2420.689941,2425.550049,2425.550049,3415680000.008/21/17,2425.5,2430.580078,2417.350098,2428.370117,2428.370117,2788150000.008/22/17,2433.75,2454.77002,2433.669922,2452.51001,2452.51001,2777490000.008/23/17,2444.879883,2448.909912,2441.419922,2444.040039,2444.040039,2785290000.008/24/17,2447.909912,2450.389893,2436.189941,2438.969971,2438.969971,2846590000.008/25/17,2444.719971,2453.959961,2442.219971,2443.050049,2443.050049,2588780000.008/28/17,2447.350098,2449.120117,2439.030029,2444.23999,2444.23999,2677700000.008/29/17,2431.939941,2449.189941,2428.199951,2446.300049,2446.300049,2737580000.008/30/17,2446.060059,2460.310059,2443.77002,2457.590088,2457.590088,2633660000.008/31/17,2462.649902,2475.01001,2462.649902,2471.649902,2471.649902,3348110000.009/1/17,2474.419922,2480.379883,2473.850098,2476.550049,2476.550049,2710730000.009/5/17,2470.350098,2471.969971,2446.550049,2457.850098,2457.850098,3490260000.009/6/17,2463.830078,2469.639893,2459.199951,2465.540039,2465.540039,3374410000.009/7/17,2468.060059,2468.620117,2460.290039,2465.100098,2465.100098,3353930000.009/8/17,2462.25,2467.110107,2459.399902,2461.429932,2461.429932,3302490000.009/11/17,2474.52002,2488.949951,2474.52002,2488.110107,2488.110107,3291760000.009/12/17,2491.939941,2496.77002,2490.370117,2496.47998,2496.47998,3230920000.009/13/17,2493.889893,2498.370117,2492.139893,2498.370117,2498.370117,3368050000.009/14/17,2494.560059,2498.429932,2491.350098,2495.620117,2495.620117,3414460000.009/15/17,2495.669922,2500.22998,2493.159912,2500.22998,2500.22998,4853170000.009/18/17,2502.51001,2508.320068,2499.919922,2503.870117,2503.870117,3194300000.009/19/17,2506.290039,2507.840088,2503.189941,2506.649902,2506.649902,3249100000.009/20/17,2506.840088,2508.850098,2496.669922,2508.23999,2508.23999,3530010000.009/21/17,2507.159912,2507.159912,2499,2500.600098,2500.600098,2930860000.009/22/17,2497.26001,2503.469971,2496.540039,2502.219971,2502.219971,2865960000.009/25/17,2499.389893,2502.540039,2488.030029,2496.659912,2496.659912,3297890000.009/26/17,2501.040039,2503.51001,2495.120117,2496.840088,2496.840088,3043110000.009/27/17,2503.300049,2511.75,2495.909912,2507.040039,2507.040039,3456030000.009/28/17,2503.409912,2510.810059,2502.929932,2510.060059,2510.060059,3168620000.009/29/17,2509.959961,2519.439941,2507.98999,2519.360107,2519.360107,3211920000.0010/2/17,2521.199951,2529.22998,2520.399902,2529.120117,2529.120117,3199730000.0010/3/17,2530.340088,2535.129883,2528.850098,2534.580078,2534.580078,3068850000.0010/4/17,2533.47998,2540.530029,2531.800049,2537.73999,2537.73999,3017120000.0010/5/17,2540.860107,2552.51001,2540.02002,2552.070068,2552.070068,3045120000.0010/6/17,2547.439941,2549.409912,2543.790039,2549.330078,2549.330078,2884570000.0010/9/17,2551.389893,2551.820068,2541.600098,2544.72998,2544.72998,2483970000.0010/10/17,2549.98999,2555.22998,2544.860107,2550.639893,2550.639893,2960500000.0010/11/17,2550.620117,2555.23999,2547.949951,2555.23999,2555.23999,2976090000.0010/12/17,2552.879883,2555.330078,2548.310059,2550.929932,2550.929932,3151510000.0010/13/17,2555.659912,2557.649902,2552.090088,2553.169922,2553.169922,3149440000.0010/16/17,2555.570068,2559.469971,2552.639893,2557.639893,2557.639893,2916020000.0010/17/17,2557.169922,2559.709961,2554.689941,2559.360107,2559.360107,2889390000.0010/18/17,2562.870117,2564.110107,2559.669922,2561.26001,2561.26001,2998090000.0010/19/17,2553.389893,2562.360107,2547.919922,2562.100098,2562.100098,2990710000.0010/20/17,2567.560059,2575.439941,2567.560059,2575.209961,2575.209961,3384650000.0010/23/17,2578.080078,2578.290039,2564.330078,2564.97998,2564.97998,3211710000.0010/24/17,2568.659912,2572.179932,2565.580078,2569.129883,2569.129883,3427330000.0010/25/17,2566.52002,2567.399902,2544,2557.149902,2557.149902,3874510000.0010/26/17,2560.080078,2567.070068,2559.800049,2560.399902,2560.399902,3869050000.0010/27/17,2570.26001,2582.97998,2565.939941,2581.070068,2581.070068,3887110000.0010/30/17,2577.75,2580.030029,2568.25,2572.830078,2572.830078,3658870000.0010/31/17,2575.98999,2578.290039,2572.149902,2575.26001,2575.26001,3827230000.0011/1/17,2583.209961,2588.399902,2574.919922,2579.360107,2579.360107,3813180000.0011/2/17,2579.459961,2581.110107,2566.169922,2579.850098,2579.850098,4048270000.0011/3/17,2581.929932,2588.419922,2576.77002,2587.840088,2587.840088,3567710000.0011/6/17,2587.469971,2593.379883,2585.659912,2591.129883,2591.129883,3539080000.0011/7/17,2592.110107,2597.02002,2584.350098,2590.639893,2590.639893,3809650000.0011/8/17,2588.709961,2595.469971,2585.02002,2594.379883,2594.379883,3899360000.0011/9/17,2584,2586.5,2566.330078,2584.620117,2584.620117,3831610000.0011/10/17,2580.179932,2583.810059,2575.570068,2582.300049,2582.300049,3486910000.0011/13/17,2576.530029,2587.659912,2574.47998,2584.840088,2584.840088,3402930000.0011/14/17,2577.75,2579.659912,2566.560059,2578.870117,2578.870117,3641760000.0011/15/17,2569.449951,2572.840088,2557.449951,2564.620117,2564.620117,3558890000.0011/16/17,2572.949951,2590.090088,2572.949951,2585.639893,2585.639893,3312710000.0011/17/17,2582.939941,2583.959961,2577.620117,2578.850098,2578.850098,3300160000.0011/20/17,2579.48999,2584.639893,2578.23999,2582.139893,2582.139893,3003540000.0011/21/17,2589.169922,2601.189941,2589.169922,2599.030029,2599.030029,3332720000.0011/22/17,2600.310059,2600.939941,2595.22998,2597.080078,2597.080078,2762950000.0011/24/17,2600.419922,2604.209961,2600.419922,2602.419922,2602.419922,1349780000.0011/27/17,2602.659912,2606.409912,2598.870117,2601.419922,2601.419922,3006860000.0011/28/17,2605.939941,2627.689941,2605.439941,2627.040039,2627.040039,3488420000.0011/29/17,2627.820068,2634.889893,2620.320068,2626.070068,2626.070068,4078280000.0011/30/17,2633.929932,2657.73999,2633.929932,2647.580078,2647.580078,4938490000.0012/1/17,2645.100098,2650.620117,2605.52002,2642.219971,2642.219971,3942320000.0012/4/17,2657.189941,2665.189941,2639.030029,2639.439941,2639.439941,4023150000.0012/5/17,2639.780029,2648.719971,2627.72998,2629.570068,2629.570068,3539040000.0012/6/17,2626.23999,2634.409912,2624.75,2629.27002,2629.27002,3229000000.0012/7/17,2628.379883,2640.98999,2626.530029,2636.97998,2636.97998,3292400000.0012/8/17,2646.209961,2651.649902,2644.100098,2651.5,2651.5,3106150000.0012/11/17,2652.189941,2660.330078,2651.469971,2659.98999,2659.98999,3091950000.0012/12/17,2661.72998,2669.719971,2659.780029,2664.110107,2664.110107,3555680000.0012/13/17,2667.590088,2671.879883,2662.850098,2662.850098,2662.850098,3542370000.0012/14/17,2665.870117,2668.090088,2652.01001,2652.01001,2652.01001,3430030000.0012/15/17,2660.629883,2679.629883,2659.139893,2675.810059,2675.810059,5723920000.0012/18/17,2685.919922,2694.969971,2685.919922,2690.159912,2690.159912,3724660000.0012/19/17,2692.709961,2694.439941,2680.73999,2681.469971,2681.469971,3368590000.0012/20/17,2688.179932,2691.01001,2676.110107,2679.25,2679.25,3241030000.0012/21/17,2683.02002,2692.639893,2682.399902,2684.570068,2684.570068,3273390000.0012/22/17,2684.219971,2685.350098,2678.129883,2683.340088,2683.340088,2399830000.0012/26/17,2679.090088,2682.73999,2677.959961,2680.5,2680.5,1968780000.0012/27/17,2682.100098,2685.639893,2678.909912,2682.620117,2682.620117,2202080000.0012/28/17,2686.100098,2687.659912,2682.689941,2687.540039,2687.540039,2153330000.0012/29/17,2689.149902,2692.120117,2673.610107,2673.610107,2673.610107,2443490000.001/2/18,2683.72998,2695.889893,2682.360107,2695.810059,2695.810059,3367250000.001/3/18,2697.850098,2714.370117,2697.77002,2713.060059,2713.060059,3538660000.001/4/18,2719.310059,2729.290039,2719.070068,2723.98999,2723.98999,3695260000.001/5/18,2731.330078,2743.449951,2727.919922,2743.149902,2743.149902,3236620000.001/8/18,2742.669922,2748.51001,2737.600098,2747.709961,2747.709961,3242650000.001/9/18,2751.149902,2759.139893,2747.860107,2751.290039,2751.290039,3453480000.001/10/18,2745.550049,2750.800049,2736.060059,2748.22998,2748.22998,3576350000.001/11/18,2752.969971,2767.560059,2752.780029,2767.560059,2767.560059,3641320000.001/12/18,2770.179932,2787.850098,2769.639893,2786.23999,2786.23999,3573970000.001/16/18,2798.959961,2807.540039,2768.639893,2776.419922,2776.419922,4325970000.001/17/18,2784.98999,2807.040039,2778.379883,2802.560059,2802.560059,3778050000.001/18/18,2802.399902,2805.830078,2792.560059,2798.030029,2798.030029,3681470000.001/19/18,2802.600098,2810.330078,2798.080078,2810.300049,2810.300049,3639430000.001/22/18,2809.159912,2833.030029,2808.120117,2832.969971,2832.969971,3471780000.001/23/18,2835.050049,2842.23999,2830.590088,2839.129883,2839.129883,3519650000.001/24/18,2845.419922,2852.969971,2824.810059,2837.540039,2837.540039,4014070000.001/25/18,2846.23999,2848.560059,2830.939941,2839.25,2839.25,3835150000.001/26/18,2847.47998,2872.870117,2846.179932,2872.870117,2872.870117,3443230000.001/29/18,2867.22998,2870.620117,2851.47998,2853.530029,2853.530029,3573830000.001/30/18,2832.73999,2837.75,2818.27002,2822.429932,2822.429932,3990650000.001/31/18,2832.409912,2839.26001,2813.040039,2823.810059,2823.810059,4261280000.002/1/18,2816.449951,2835.959961,2812.699951,2821.97998,2821.97998,3938450000.002/2/18,2808.919922,2808.919922,2759.969971,2762.129883,2762.129883,4301130000.002/5/18,2741.060059,2763.389893,2638.169922,2648.939941,2648.939941,5283460000.002/6/18,2614.780029,2701.040039,2593.070068,2695.139893,2695.139893,5891660000.002/7/18,2690.949951,2727.669922,2681.330078,2681.659912,2681.659912,4626570000.002/8/18,2685.01001,2685.27002,2580.560059,2581,2581,5305440000.002/9/18,2601.780029,2638.669922,2532.689941,2619.550049,2619.550049,5680070000.002/12/18,2636.75,2672.610107,2622.449951,2656,2656,4055790000.002/13/18,2646.27002,2668.840088,2637.080078,2662.939941,2662.939941,3472870000.002/14/18,2651.209961,2702.100098,2648.870117,2698.629883,2698.629883,4003740000.002/15/18,2713.459961,2731.51001,2689.820068,2731.199951,2731.199951,3684910000.002/16/18,2727.139893,2754.419922,2725.110107,2732.219971,2732.219971,3637460000.002/20/18,2722.98999,2737.600098,2706.76001,2716.26001,2716.26001,3627610000.002/21/18,2720.530029,2747.75,2701.290039,2701.330078,2701.330078,3779400000.002/22/18,2710.419922,2731.26001,2697.77002,2703.959961,2703.959961,3701270000.002/23/18,2715.800049,2747.76001,2713.73999,2747.300049,2747.300049,3189190000.002/26/18,2757.370117,2780.639893,2753.780029,2779.600098,2779.600098,3424650000.002/27/18,2780.449951,2789.149902,2744.219971,2744.280029,2744.280029,3745080000.002/28/18,2753.780029,2761.52002,2713.540039,2713.830078,2713.830078,4230660000.003/1/18,2715.219971,2730.889893,2659.649902,2677.669922,2677.669922,4503970000.003/2/18,2658.889893,2696.25,2647.320068,2691.25,2691.25,3882450000.003/5/18,2681.060059,2728.090088,2675.75,2720.939941,2720.939941,3710810000.003/6/18,2730.179932,2732.080078,2711.26001,2728.120117,2728.120117,3370690000.003/7/18,2710.179932,2730.600098,2701.73999,2726.800049,2726.800049,3393270000.003/8/18,2732.75,2740.449951,2722.649902,2738.969971,2738.969971,3212320000.003/9/18,2752.909912,2786.570068,2751.540039,2786.570068,2786.570068,3364100000.003/12/18,2790.540039,2796.97998,2779.26001,2783.02002,2783.02002,3185020000.003/13/18,2792.310059,2801.899902,2758.679932,2765.310059,2765.310059,3301650000.003/14/18,2774.060059,2777.110107,2744.379883,2749.47998,2749.47998,3391360000.003/15/18,2754.27002,2763.030029,2741.469971,2747.330078,2747.330078,3500330000.003/16/18,2750.570068,2761.850098,2749.969971,2752.01001,2752.01001,5372340000.003/19/18,2741.379883,2741.379883,2694.590088,2712.919922,2712.919922,3302130000.003/20/18,2715.050049,2724.219971,2710.050049,2716.939941,2716.939941,3261030000.003/21/18,2714.98999,2739.139893,2709.790039,2711.929932,2711.929932,3415510000.003/22/18,2691.360107,2695.679932,2641.590088,2643.689941,2643.689941,3739800000.003/23/18,2646.709961,2657.669922,2585.889893,2588.26001,2588.26001,3815080000.003/26/18,2619.350098,2661.360107,2601.810059,2658.550049,2658.550049,3511100000.003/27/18,2667.570068,2674.780029,2596.120117,2612.620117,2612.620117,3706350000.003/28/18,2611.300049,2632.649902,2593.060059,2605,2605,3864500000.003/29/18,2614.409912,2659.070068,2609.719971,2640.870117,2640.870117,3565990000.004/2/18,2633.449951,2638.300049,2553.800049,2581.879883,2581.879883,3598520000.004/3/18,2592.169922,2619.139893,2575.48999,2614.449951,2614.449951,3392810000.004/4/18,2584.040039,2649.860107,2573.610107,2644.689941,2644.689941,3350340000.004/5/18,2657.360107,2672.080078,2649.580078,2662.840088,2662.840088,3178970000.004/6/18,2645.820068,2656.879883,2586.27002,2604.469971,2604.469971,3299700000.004/9/18,2617.179932,2653.550049,2610.790039,2613.159912,2613.159912,3062960000.004/10/18,2638.409912,2665.449951,2635.780029,2656.870117,2656.870117,3543930000.004/11/18,2643.889893,2661.429932,2639.25,2642.189941,2642.189941,3020760000.004/12/18,2653.830078,2674.719971,2653.830078,2663.98999,2663.98999,3021320000.004/13/18,2676.899902,2680.26001,2645.050049,2656.300049,2656.300049,2960910000.004/16/18,2670.100098,2686.48999,2665.159912,2677.840088,2677.840088,3019700000.004/17/18,2692.73999,2713.340088,2692.050049,2706.389893,2706.389893,3234360000.004/18/18,2710.110107,2717.48999,2703.629883,2708.639893,2708.639893,3383410000.004/19/18,2701.159912,2702.840088,2681.899902,2693.129883,2693.129883,3349370000.004/20/18,2692.560059,2693.939941,2660.610107,2670.139893,2670.139893,3388590000.004/23/18,2675.399902,2682.860107,2657.98999,2670.290039,2670.290039,3017480000.004/24/18,2680.800049,2683.550049,2617.320068,2634.560059,2634.560059,3706740000.004/25/18,2634.919922,2645.300049,2612.669922,2639.399902,2639.399902,3499440000.004/26/18,2651.649902,2676.47998,2647.159912,2666.939941,2666.939941,3665720000.004/27/18,2675.469971,2677.350098,2659.01001,2669.909912,2669.909912,3219030000.004/30/18,2682.51001,2682.870117,2648.040039,2648.050049,2648.050049,3734530000.005/1/18,2642.959961,2655.27002,2625.409912,2654.800049,2654.800049,3559850000.005/2/18,2654.23999,2660.870117,2631.699951,2635.669922,2635.669922,4010770000.005/3/18,2628.080078,2637.139893,2594.620117,2629.72998,2629.72998,3851470000.005/4/18,2621.449951,2670.929932,2615.320068,2663.419922,2663.419922,3327220000.005/7/18,2680.340088,2683.350098,2664.699951,2672.629883,2672.629883,3237960000.005/8/18,2670.26001,2676.340088,2655.199951,2671.919922,2671.919922,3717570000.005/9/18,2678.120117,2701.27002,2674.139893,2697.790039,2697.790039,3909500000.005/10/18,2705.02002,2726.110107,2704.540039,2723.070068,2723.070068,3333050000.005/11/18,2722.699951,2732.860107,2717.449951,2727.719971,2727.719971,2862700000.005/14/18,2738.469971,2742.100098,2725.469971,2730.129883,2730.129883,2972660000.005/15/18,2718.590088,2718.590088,2701.909912,2711.449951,2711.449951,3290680000.005/16/18,2712.620117,2727.76001,2712.169922,2722.459961,2722.459961,3202670000.005/17/18,2719.709961,2731.959961,2711.360107,2720.129883,2720.129883,3475400000.005/18/18,2717.350098,2719.5,2709.179932,2712.969971,2712.969971,3368690000.005/21/18,2735.389893,2739.189941,2725.699951,2733.01001,2733.01001,3019890000.005/22/18,2738.340088,2742.23999,2721.879883,2724.439941,2724.439941,3366310000.005/23/18,2713.97998,2733.330078,2709.540039,2733.290039,2733.290039,3326290000.005/24/18,2730.939941,2731.969971,2707.379883,2727.76001,2727.76001,3256030000.005/25/18,2723.600098,2727.360107,2714.98999,2721.330078,2721.330078,2995260000.005/29/18,2705.110107,2710.669922,2676.810059,2689.860107,2689.860107,3736890000.005/30/18,2702.429932,2729.340088,2702.429932,2724.01001,2724.01001,3561050000.005/31/18,2720.97998,2722.5,2700.679932,2705.27002,2705.27002,4235370000.006/1/18,2718.699951,2736.929932,2718.699951,2734.620117,2734.620117,3684130000.006/4/18,2741.669922,2749.159912,2740.540039,2746.870117,2746.870117,3376510000.006/5/18,2748.459961,2752.610107,2739.51001,2748.800049,2748.800049,3517790000.006/6/18,2753.25,2772.389893,2748.459961,2772.350098,2772.350098,3651640000.006/7/18,2774.840088,2779.899902,2760.159912,2770.370117,2770.370117,3711330000.006/8/18,2765.840088,2779.389893,2763.590088,2779.030029,2779.030029,3123210000.006/11/18,2780.179932,2790.209961,2780.169922,2782,2782,3232330000.006/12/18,2785.600098,2789.800049,2778.780029,2786.850098,2786.850098,3401010000.006/13/18,2787.939941,2791.469971,2774.649902,2775.629883,2775.629883,3779230000.006/14/18,2783.209961,2789.060059,2776.52002,2782.48999,2782.48999,3526890000.006/15/18,2777.780029,2782.810059,2761.72998,2779.659912,2779.659912,5428790000.006/18/18,2765.790039,2774.98999,2757.120117,2773.75,2773.75,3287150000.006/19/18,2752.01001,2765.050049,2743.189941,2762.590088,2762.590088,3661470000.006/20/18,2769.72998,2774.860107,2763.909912,2767.320068,2767.320068,3327600000.006/21/18,2769.280029,2769.280029,2744.389893,2749.76001,2749.76001,3300060000.006/22/18,2760.790039,2764.169922,2752.679932,2754.879883,2754.879883,5450550000.006/25/18,2742.939941,2742.939941,2698.669922,2717.070068,2717.070068,3655080000.006/26/18,2722.120117,2732.909912,2715.600098,2723.060059,2723.060059,3555090000.006/27/18,2728.449951,2746.090088,2699.379883,2699.629883,2699.629883,3776090000.006/28/18,2698.689941,2724.340088,2691.98999,2716.310059,2716.310059,3428140000.006/29/18,2727.129883,2743.26001,2718.030029,2718.370117,2718.370117,3565620000.007/2/18,2704.949951,2727.26001,2698.949951,2726.709961,2726.709961,3073650000.007/3/18,2733.27002,2736.580078,2711.159912,2713.219971,2713.219971,1911470000.007/5/18,2724.189941,2737.830078,2716.02002,2736.610107,2736.610107,2953420000.007/6/18,2737.679932,2764.409912,2733.52002,2759.820068,2759.820068,2554780000.007/9/18,2775.620117,2784.649902,2770.72998,2784.169922,2784.169922,3050040000.007/10/18,2788.560059,2795.580078,2786.23999,2793.840088,2793.840088,3063850000.007/11/18,2779.820068,2785.909912,2770.77002,2774.02002,2774.02002,2964740000.007/12/18,2783.139893,2799.219971,2781.530029,2798.290039,2798.290039,2821690000.007/13/18,2796.929932,2804.530029,2791.689941,2801.310059,2801.310059,2614000000.007/16/18,2797.360107,2801.189941,2793.389893,2798.429932,2798.429932,2812230000.007/17/18,2789.340088,2814.189941,2789.23999,2809.550049,2809.550049,3050730000.007/18/18,2811.350098,2816.76001,2805.889893,2815.620117,2815.620117,3089780000.007/19/18,2809.370117,2812.050049,2799.77002,2804.48999,2804.48999,3266700000.007/20/18,2804.550049,2809.699951,2800.01001,2801.830078,2801.830078,3230210000.007/23/18,2799.169922,2808.610107,2795.139893,2806.97998,2806.97998,2907430000.007/24/18,2820.679932,2829.98999,2811.120117,2820.399902,2820.399902,3417530000.007/25/18,2817.72998,2848.030029,2817.72998,2846.070068,2846.070068,3553010000.007/26/18,2835.48999,2845.570068,2835.26001,2837.439941,2837.439941,3653330000.007/27/18,2842.350098,2843.169922,2808.340088,2818.820068,2818.820068,3415710000.007/30/18,2819,2821.73999,2798.110107,2802.600098,2802.600098,3245770000.007/31/18,2809.72998,2824.459961,2808.060059,2816.290039,2816.290039,3892100000.008/1/18,2821.169922,2825.830078,2805.850098,2813.360107,2813.360107,3496990000.008/2/18,2800.47998,2829.909912,2796.340088,2827.219971,2827.219971,3467380000.008/3/18,2829.620117,2840.379883,2827.370117,2840.350098,2840.350098,3030390000.008/6/18,2840.290039,2853.290039,2835.97998,2850.399902,2850.399902,2874540000.008/7/18,2855.919922,2863.429932,2855.919922,2858.449951,2858.449951,3162770000.008/8/18,2856.790039,2862.439941,2853.090088,2857.699951,2857.699951,2972200000.008/9/18,2857.189941,2862.47998,2851.97998,2853.580078,2853.580078,3047050000.008/10/18,2838.899902,2842.199951,2825.810059,2833.280029,2833.280029,3256040000.008/13/18,2835.459961,2843.399902,2819.879883,2821.929932,2821.929932,3158450000.008/14/18,2827.879883,2843.110107,2826.580078,2839.959961,2839.959961,2976970000.008/15/18,2827.949951,2827.949951,2802.48999,2818.370117,2818.370117,3645070000.008/16/18,2831.439941,2850.48999,2831.439941,2840.689941,2840.689941,3219880000.008/17/18,2838.320068,2855.629883,2833.72998,2850.129883,2850.129883,3024100000.008/20/18,2853.929932,2859.76001,2850.620117,2857.050049,2857.050049,2748020000.008/21/18,2861.51001,2873.22998,2861.320068,2862.959961,2862.959961,3147140000.008/22/18,2860.98999,2867.540039,2856.050049,2861.820068,2861.820068,2689560000.008/23/18,2860.290039,2868.780029,2854.030029,2856.97998,2856.97998,2713910000.008/24/18,2862.350098,2876.159912,2862.350098,2874.689941,2874.689941,2596190000.008/27/18,2884.689941,2898.25,2884.689941,2896.73999,2896.73999,2854080000.008/28/18,2901.449951,2903.77002,2893.5,2897.52002,2897.52002,2683190000.008/29/18,2900.620117,2916.5,2898.399902,2914.040039,2914.040039,2791860000.008/30/18,2908.939941,2912.459961,2895.219971,2901.129883,2901.129883,2802180000.008/31/18,2898.370117,2906.320068,2891.72998,2901.52002,2901.52002,2880260000.009/4/18,2896.959961,2900.179932,2885.129883,2896.719971,2896.719971,3077060000.009/5/18,2891.590088,2894.209961,2876.919922,2888.600098,2888.600098,3241250000.009/6/18,2888.639893,2892.050049,2867.290039,2878.050049,2878.050049,3139590000.009/7/18,2868.26001,2883.810059,2864.120117,2871.679932,2871.679932,2946270000.009/10/18,2881.389893,2886.929932,2875.939941,2877.129883,2877.129883,2731400000.009/11/18,2871.570068,2892.52002,2866.780029,2887.889893,2887.889893,2899660000.009/12/18,2888.290039,2894.649902,2879.199951,2888.919922,2888.919922,3264930000.009/13/18,2896.850098,2906.76001,2896.389893,2904.179932,2904.179932,3254930000.009/14/18,2906.379883,2908.300049,2895.77002,2904.97998,2904.97998,3149800000.009/17/18,2903.830078,2904.649902,2886.159912,2888.800049,2888.800049,2947760000.009/18/18,2890.73999,2911.169922,2890.429932,2904.310059,2904.310059,3074610000.009/19/18,2906.600098,2912.360107,2903.820068,2907.949951,2907.949951,3280020000.009/20/18,2919.72998,2934.800049,2919.72998,2930.75,2930.75,3337730000.009/21/18,2936.76001,2940.909912,2927.110107,2929.669922,2929.669922,5607610000.009/24/18,2921.830078,2923.790039,2912.629883,2919.370117,2919.370117,3372210000.009/25/18,2921.75,2923.949951,2913.699951,2915.560059,2915.560059,3285480000.009/26/18,2916.97998,2931.149902,2903.280029,2905.969971,2905.969971,3388620000.009/27/18,2911.649902,2927.219971,2909.27002,2914,2914,3060850000.009/28/18,2910.030029,2920.530029,2907.5,2913.97998,2913.97998,3432300000.0010/1/18,2926.290039,2937.060059,2917.909912,2924.590088,2924.590088,3364190000.0010/2/18,2923.800049,2931.419922,2919.370117,2923.429932,2923.429932,3401880000.0010/3/18,2931.689941,2939.860107,2921.360107,2925.51001,2925.51001,3598710000.0010/4/18,2919.350098,2919.780029,2883.919922,2901.610107,2901.610107,3496860000.0010/5/18,2902.540039,2909.639893,2869.290039,2885.570068,2885.570068,3328980000.0010/8/18,2877.530029,2889.449951,2862.080078,2884.429932,2884.429932,3330320000.0010/9/18,2882.51001,2894.830078,2874.27002,2880.340088,2880.340088,3520500000.0010/10/18,2873.899902,2874.02002,2784.860107,2785.679932,2785.679932,4501250000.0010/11/18,2776.870117,2795.139893,2710.51001,2728.370117,2728.370117,4890630000.0010/12/18,2770.540039,2775.77002,2729.439941,2767.129883,2767.129883,3966040000.0010/15/18,2763.830078,2775.98999,2749.030029,2750.790039,2750.790039,3300140000.0010/16/18,2767.050049,2813.459961,2766.909912,2809.919922,2809.919922,3428340000.0010/17/18,2811.669922,2816.939941,2781.810059,2809.209961,2809.209961,3321710000.0010/18/18,2802,2806.040039,2755.179932,2768.780029,2768.780029,3616440000.0010/19/18,2775.659912,2797.77002,2760.27002,2767.780029,2767.780029,3566490000.0010/22/18,2773.939941,2778.939941,2749.219971,2755.879883,2755.879883,3307140000.0010/23/18,2721.030029,2753.590088,2691.429932,2740.689941,2740.689941,4348580000.0010/24/18,2737.870117,2742.590088,2651.889893,2656.100098,2656.100098,4709310000.0010/25/18,2674.879883,2722.699951,2667.840088,2705.570068,2705.570068,4634770000.0010/26/18,2667.860107,2692.379883,2628.159912,2658.689941,2658.689941,4803150000.0010/29/18,2682.649902,2706.850098,2603.540039,2641.25,2641.25,4673700000.0010/30/18,2640.679932,2685.429932,2635.340088,2682.629883,2682.629883,5106380000.0010/31/18,2705.600098,2736.689941,2705.600098,2711.73999,2711.73999,5112420000.0011/1/18,2717.580078,2741.669922,2708.850098,2740.370117,2740.370117,4708420000.0011/2/18,2745.449951,2756.550049,2700.439941,2723.060059,2723.060059,4237930000.0011/5/18,2726.370117,2744.27002,2717.939941,2738.310059,2738.310059,3623320000.0011/6/18,2738.399902,2756.820068,2737.080078,2755.449951,2755.449951,3510860000.0011/7/18,2774.129883,2815.149902,2774.129883,2813.889893,2813.889893,3914750000.0011/8/18,2806.379883,2814.75,2794.98999,2806.830078,2806.830078,3630490000.0011/9/18,2794.100098,2794.100098,2764.23999,2781.01001,2781.01001,4019090000.0011/12/18,2773.929932,2775.98999,2722,2726.219971,2726.219971,3670930000.0011/13/18,2730.050049,2754.600098,2714.97998,2722.179932,2722.179932,4091440000.0011/14/18,2737.899902,2746.800049,2685.75,2701.580078,2701.580078,4402370000.0011/15/18,2693.52002,2735.379883,2670.75,2730.199951,2730.199951,4179140000.0011/16/18,2718.540039,2746.75,2712.159912,2736.27002,2736.27002,3975180000.0011/19/18,2730.73999,2733.159912,2681.090088,2690.72998,2690.72998,3772900000.0011/20/18,2654.600098,2669.439941,2631.52002,2641.889893,2641.889893,4357900000.0011/21/18,2657.73999,2670.72998,2649.820068,2649.929932,2649.929932,3233550000.0011/23/18,2633.360107,2647.550049,2631.090088,2632.560059,2632.560059,1651650000.0011/26/18,2649.969971,2674.350098,2649.969971,2673.449951,2673.449951,3443950000.0011/27/18,2663.75,2682.530029,2655.889893,2682.169922,2682.169922,3485220000.0011/28/18,2691.449951,2744,2684.379883,2743.790039,2743.790039,3951670000.0011/29/18,2736.969971,2753.75,2722.939941,2737.800049,2737.800049,3560770000.0011/30/18,2737.76001,2760.879883,2732.76001,2760.169922,2760.169922,4658580000.0012/3/18,2790.5,2800.179932,2773.379883,2790.370117,2790.370117,4186060000.0012/4/18,2782.429932,2785.929932,2697.179932,2700.060059,2700.060059,4499840000.0012/6/18,2663.51001,2696.149902,2621.530029,2695.949951,2695.949951,5141470000.0012/7/18,2691.26001,2708.540039,2623.139893,2633.080078,2633.080078,4216690000.0012/10/18,2630.860107,2647.51001,2583.22998,2637.719971,2637.719971,4151030000.0012/11/18,2664.439941,2674.350098,2621.300049,2636.780029,2636.780029,3905870000.0012/12/18,2658.22998,2685.439941,2650.26001,2651.070068,2651.070068,3955890000.0012/13/18,2658.699951,2670.189941,2637.27002,2650.540039,2650.540039,3927720000.0012/14/18,2629.679932,2635.070068,2593.840088,2599.949951,2599.949951,4035020000.0012/17/18,2590.75,2601.129883,2530.540039,2545.939941,2545.939941,4616350000.0012/18/18,2559.899902,2573.98999,2528.709961,2546.159912,2546.159912,4470880000.0012/19/18,2547.050049,2585.290039,2488.959961,2506.959961,2506.959961,5127940000.0012/20/18,2496.77002,2509.629883,2441.179932,2467.419922,2467.419922,5585780000.0012/21/18,2465.379883,2504.409912,2408.550049,2416.620117,2416.620117,7609010000.0012/24/18,2400.560059,2410.340088,2351.100098,2351.100098,2351.100098,2613930000.0012/26/18,2363.120117,2467.76001,2346.580078,2467.699951,2467.699951,4233990000.0012/27/18,2442.5,2489.100098,2397.939941,2488.830078,2488.830078,4096610000.0012/28/18,2498.77002,2520.27002,2472.889893,2485.73999,2485.73999,3702620000.0012/31/18,2498.939941,2509.23999,2482.820068,2506.850098,2506.850098,3442870000.001/2/19,2476.959961,2519.48999,2467.469971,2510.030029,2510.030029,3733160000.001/3/19,2491.919922,2493.139893,2443.959961,2447.889893,2447.889893,3822860000.001/4/19,2474.330078,2538.070068,2474.330078,2531.939941,2531.939941,4213410000.001/7/19,2535.610107,2566.159912,2524.560059,2549.689941,2549.689941,4104710000.001/8/19,2568.110107,2579.820068,2547.560059,2574.409912,2574.409912,4083030000.001/9/19,2580,2595.320068,2568.889893,2584.959961,2584.959961,4052480000.001/10/19,2573.51001,2597.820068,2562.02002,2596.639893,2596.639893,3704500000.001/11/19,2588.110107,2596.27002,2577.399902,2596.26001,2596.26001,3434490000.001/14/19,2580.310059,2589.320068,2570.409912,2582.610107,2582.610107,3664450000.001/15/19,2585.100098,2613.080078,2585.100098,2610.300049,2610.300049,3572330000.001/16/19,2614.75,2625.76001,2612.679932,2616.100098,2616.100098,3863770000.001/17/19,2609.280029,2645.060059,2606.360107,2635.959961,2635.959961,3772270000.001/18/19,2651.27002,2675.469971,2647.580078,2670.709961,2670.709961,3986730000.001/22/19,2657.879883,2657.879883,2617.27002,2632.899902,2632.899902,3908030000.001/23/19,2643.47998,2653.189941,2612.860107,2638.699951,2638.699951,3335610000.001/24/19,2638.840088,2647.199951,2627.01001,2642.330078,2642.330078,3433250000.001/25/19,2657.439941,2672.379883,2657.330078,2664.76001,2664.76001,3814080000.001/28/19,2644.969971,2644.969971,2624.060059,2643.850098,2643.850098,3612810000.001/29/19,2644.889893,2650.929932,2631.050049,2640,2640,3504200000.001/30/19,2653.620117,2690.439941,2648.340088,2681.050049,2681.050049,3857810000.001/31/19,2685.48999,2708.949951,2678.649902,2704.100098,2704.100098,4917650000.002/1/19,2702.320068,2716.659912,2696.879883,2706.530029,2706.530029,3759270000.002/4/19,2706.48999,2724.98999,2698.75,2724.870117,2724.870117,3359840000.002/5/19,2728.340088,2738.97998,2724.030029,2737.699951,2737.699951,3560430000.002/6/19,2735.050049,2738.080078,2724.149902,2731.610107,2731.610107,3472690000.002/7/19,2717.530029,2719.320068,2687.26001,2706.050049,2706.050049,4099490000.002/8/19,2692.360107,2708.070068,2681.830078,2707.879883,2707.879883,3622330000.002/11/19,2712.399902,2718.050049,2703.790039,2709.800049,2709.800049,3361970000.002/12/19,2722.610107,2748.189941,2722.610107,2744.72998,2744.72998,3827770000.002/13/19,2750.300049,2761.850098,2748.629883,2753.030029,2753.030029,3670770000.002/14/19,2743.5,2757.899902,2731.22998,2745.72998,2745.72998,3836700000.002/15/19,2760.23999,2775.659912,2760.23999,2775.600098,2775.600098,3641370000.002/19/19,2769.280029,2787.330078,2767.290039,2779.76001,2779.76001,3533710000.002/20/19,2779.050049,2789.879883,2774.060059,2784.699951,2784.699951,3835450000.002/21/19,2780.23999,2781.580078,2764.550049,2774.879883,2774.879883,3559710000.002/22/19,2780.669922,2794.199951,2779.110107,2792.669922,2792.669922,3427810000.002/25/19,2804.350098,2813.48999,2794.98999,2796.110107,2796.110107,3804380000.002/26/19,2792.360107,2803.120117,2789.469971,2793.899902,2793.899902,3645680000.002/27/19,2787.5,2795.76001,2775.129883,2792.379883,2792.379883,3767130000.002/28/19,2788.110107,2793.72998,2782.51001,2784.48999,2784.48999,4396930000.003/1/19,2798.219971,2808.02002,2787.379883,2803.689941,2803.689941,3972280000.003/4/19,2814.370117,2816.879883,2767.659912,2792.810059,2792.810059,3919810000.003/5/19,2794.409912,2796.439941,2782.969971,2789.649902,2789.649902,3585690000.003/6/19,2790.27002,2790.27002,2768.689941,2771.449951,2771.449951,3786600000.003/7/19,2766.530029,2767.25,2739.090088,2748.929932,2748.929932,3904860000.003/8/19,2730.790039,2744.129883,2722.27002,2743.070068,2743.070068,3423130000.003/11/19,2747.610107,2784,2747.610107,2783.300049,2783.300049,3749030000.003/12/19,2787.340088,2798.320068,2786.72998,2791.52002,2791.52002,3414230000.003/13/19,2799.780029,2821.23999,2799.780029,2810.919922,2810.919922,3766150000.003/14/19,2810.379883,2815,2803.459961,2808.47998,2808.47998,3469730000.003/15/19,2810.790039,2830.72998,2810.790039,2822.47998,2822.47998,5962730000.003/18/19,2822.610107,2835.409912,2821.98999,2832.939941,2832.939941,3552190000.003/19/19,2840.76001,2852.419922,2823.27002,2832.570068,2832.570068,3620220000.003/20/19,2831.340088,2843.540039,2812.429932,2824.22998,2824.22998,3771200000.003/21/19,2819.719971,2860.310059,2817.379883,2854.879883,2854.879883,3546800000.003/22/19,2844.52002,2846.159912,2800.469971,2800.709961,2800.709961,4237200000.003/25/19,2796.01001,2809.790039,2785.02002,2798.360107,2798.360107,3376580000.003/26/19,2812.659912,2829.870117,2803.98999,2818.459961,2818.459961,3266050000.003/27/19,2819.719971,2825.560059,2787.719971,2805.370117,2805.370117,3372930000.003/28/19,2809.399902,2819.709961,2798.77002,2815.439941,2815.439941,3158170000.003/29/19,2828.27002,2836.030029,2819.22998,2834.399902,2834.399902,3740700000.004/1/19,2848.629883,2869.399902,2848.629883,2867.189941,2867.189941,3500760000.004/2/19,2868.23999,2872.899902,2858.75,2867.23999,2867.23999,3246900000.004/3/19,2876.090088,2885.25,2865.169922,2873.399902,2873.399902,3550240000.004/4/19,2873.98999,2881.280029,2867.139893,2879.389893,2879.389893,3015180000.004/5/19,2884.159912,2893.23999,2882.98999,2892.73999,2892.73999,3146820000.004/8/19,2888.459961,2895.949951,2880.780029,2895.77002,2895.77002,3054030000.004/9/19,2886.580078,2886.879883,2873.330078,2878.199951,2878.199951,3007980000.004/10/19,2881.370117,2889.709961,2879.129883,2888.209961,2888.209961,3062380000.004/11/19,2891.919922,2893.419922,2881.98999,2888.320068,2888.320068,2938540000.004/12/19,2900.860107,2910.540039,2898.370117,2907.409912,2907.409912,3688490000.004/15/19,2908.320068,2909.600098,2896.47998,2905.580078,2905.580078,3088330000.004/16/19,2912.26001,2916.060059,2900.709961,2907.060059,2907.060059,3402210000.004/17/19,2916.040039,2918,2895.449951,2900.449951,2900.449951,3602300000.004/18/19,2904.810059,2908.399902,2891.899902,2905.030029,2905.030029,3506850000.004/22/19,2898.780029,2909.51001,2896.350098,2907.969971,2907.969971,2997950000.004/23/19,2909.98999,2936.310059,2908.530029,2933.679932,2933.679932,3635030000.004/24/19,2934,2936.830078,2926.050049,2927.25,2927.25,3448960000.004/25/19,2928.98999,2933.100098,2912.840088,2926.169922,2926.169922,3425280000.004/26/19,2925.810059,2939.879883,2917.560059,2939.879883,2939.879883,3248500000.004/29/19,2940.580078,2949.52002,2939.350098,2943.030029,2943.030029,3118780000.004/30/19,2937.139893,2948.219971,2924.110107,2945.830078,2945.830078,3919330000.005/1/19,2952.330078,2954.129883,2923.360107,2923.72998,2923.72998,3645850000.005/2/19,2922.159912,2931.679932,2900.5,2917.52002,2917.52002,3778890000.005/3/19,2929.209961,2947.850098,2929.209961,2945.639893,2945.639893,3338120000.005/6/19,2908.889893,2937.320068,2898.209961,2932.469971,2932.469971,3181520000.005/7/19,2913.030029,2913.030029,2862.600098,2884.050049,2884.050049,3767100000.005/8/19,2879.610107,2897.959961,2873.280029,2879.419922,2879.419922,3485790000.005/9/19,2859.840088,2875.969971,2836.399902,2870.719971,2870.719971,3638820000.005/10/19,2863.100098,2891.310059,2825.389893,2881.399902,2881.399902,3529600000.005/13/19,2840.189941,2840.189941,2801.429932,2811.870117,2811.870117,3894030000.005/14/19,2820.120117,2852.540039,2820.120117,2834.409912,2834.409912,3322720000.005/15/19,2820.379883,2858.679932,2815.080078,2850.959961,2850.959961,3125950000.005/16/19,2855.800049,2892.149902,2855.800049,2876.320068,2876.320068,3338060000.005/17/19,2858.600098,2885.47998,2854.22998,2859.530029,2859.530029,3257950000.005/20/19,2841.939941,2853.860107,2831.290039,2840.22998,2840.22998,3288870000.005/21/19,2854.02002,2868.879883,2854.02002,2864.360107,2864.360107,3218700000.005/22/19,2856.060059,2865.469971,2851.110107,2856.27002,2856.27002,3192510000.005/23/19,2836.699951,2836.699951,2805.48999,2822.23999,2822.23999,3891980000.005/24/19,2832.409912,2841.360107,2820.189941,2826.060059,2826.060059,2887390000.005/28/19,2830.030029,2840.51001,2801.580078,2802.389893,2802.389893,4121410000.005/29/19,2790.25,2792.030029,2766.060059,2783.02002,2783.02002,3700050000.005/30/19,2786.939941,2799,2776.73999,2788.860107,2788.860107,3273790000.005/31/19,2766.149902,2768.97998,2750.52002,2752.060059,2752.060059,3981020000.006/3/19,2751.530029,2763.070068,2728.810059,2744.449951,2744.449951,3943810000.006/4/19,2762.639893,2804.48999,2762.639893,2803.27002,2803.27002,3810430000.006/5/19,2818.090088,2827.280029,2800.919922,2826.149902,2826.149902,3548830000.006/6/19,2828.51001,2852.100098,2822.449951,2843.48999,2843.48999,3396410000.006/7/19,2852.870117,2884.969971,2852.870117,2873.340088,2873.340088,3220250000.006/10/19,2885.830078,2904.77002,2885.51001,2886.72998,2886.72998,3209210000.006/11/19,2903.27002,2910.610107,2878.530029,2885.719971,2885.719971,3548420000.006/12/19,2882.72998,2888.570068,2874.679932,2879.840088,2879.840088,3034130000.006/13/19,2886.23999,2895.23999,2881.98999,2891.639893,2891.639893,3069810000.006/14/19,2886.820068,2894.449951,2879.620117,2886.97998,2886.97998,2922330000.006/17/19,2889.75,2897.27002,2887.300049,2889.669922,2889.669922,2810140000.006/18/19,2906.709961,2930.790039,2905.439941,2917.75,2917.75,3437620000.006/19/19,2920.550049,2931.73999,2911.429932,2926.459961,2926.459961,3287890000.006/20/19,2949.600098,2958.060059,2931.5,2954.179932,2954.179932,3905940000.006/21/19,2952.709961,2964.149902,2946.870117,2950.459961,2950.459961,5000120000.006/24/19,2951.419922,2954.919922,2944.050049,2945.350098,2945.350098,3136250000.006/25/19,2945.780029,2946.52002,2916.01001,2917.379883,2917.379883,3578050000.006/26/19,2926.070068,2932.590088,2912.98999,2913.780029,2913.780029,3478130000.006/27/19,2919.659912,2929.300049,2918.570068,2924.919922,2924.919922,3122920000.006/28/19,2932.939941,2943.97998,2929.050049,2941.76001,2941.76001,5420700000.007/1/19,2971.409912,2977.929932,2952.219971,2964.330078,2964.330078,3513270000.007/2/19,2964.659912,2973.209961,2955.919922,2973.01001,2973.01001,3206840000.007/3/19,2978.080078,2995.840088,2977.959961,2995.820068,2995.820068,1963720000.007/5/19,2984.25,2994.030029,2967.969971,2990.409912,2990.409912,2434210000.007/8/19,2979.77002,2980.76001,2970.090088,2975.949951,2975.949951,2904550000.007/9/19,2965.52002,2981.899902,2963.439941,2979.629883,2979.629883,3028210000.007/10/19,2989.300049,3002.97998,2984.620117,2993.070068,2993.070068,3154240000.007/11/19,2999.620117,3002.330078,2988.800049,2999.909912,2999.909912,3154620000.007/12/19,3003.360107,3013.919922,3001.870117,3013.77002,3013.77002,2974960000.007/15/19,3017.800049,3017.800049,3008.77002,3014.300049,3014.300049,2874970000.007/16/19,3012.129883,3015.02002,3001.149902,3004.040039,3004.040039,3290650000.007/17/19,3005.100098,3005.26001,2984.25,2984.419922,2984.419922,3181600000.007/18/19,2978.870117,2998.280029,2973.090088,2995.110107,2995.110107,3296580000.007/19/19,3004.26001,3006.02002,2975.860107,2976.610107,2976.610107,3260360000.007/22/19,2981.929932,2990.709961,2976.649902,2985.030029,2985.030029,3003720000.007/23/19,2994.73999,3005.899902,2988.560059,3005.469971,3005.469971,3313660000.007/24/19,2998.77002,3019.590088,2996.820068,3019.560059,3019.560059,3428980000.007/25/19,3016.26001,3016.310059,2997.23999,3003.669922,3003.669922,3645270000.007/26/19,3013.25,3027.97998,3012.590088,3025.860107,3025.860107,3257590000.007/29/19,3024.469971,3025.610107,3014.300049,3020.969971,3020.969971,3203710000.007/30/19,3007.659912,3017.189941,3000.939941,3013.179932,3013.179932,3634330000.007/31/19,3016.219971,3017.399902,2958.080078,2980.379883,2980.379883,4623430000.008/1/19,2980.320068,3013.590088,2945.22998,2953.560059,2953.560059,4762300000.008/2/19,2943.899902,2945.5,2914.110107,2932.050049,2932.050049,3874660000.008/5/19,2898.070068,2898.070068,2822.120117,2844.73999,2844.73999,4513730000.008/6/19,2861.179932,2884.399902,2847.419922,2881.77002,2881.77002,4154240000.008/7/19,2858.649902,2892.169922,2825.709961,2883.97998,2883.97998,4491750000.008/8/19,2896.209961,2938.719971,2894.469971,2938.090088,2938.090088,4106370000.008/9/19,2930.51001,2935.75,2900.149902,2918.649902,2918.649902,3350640000.008/12/19,2907.070068,2907.580078,2873.139893,2882.699951,2882.699951,2851630000.008/13/19,2880.719971,2943.310059,2877.050049,2926.320068,2926.320068,3853600000.008/14/19,2894.149902,2894.149902,2839.639893,2840.600098,2840.600098,4312530000.008/15/19,2846.199951,2856.669922,2825.51001,2847.600098,2847.600098,4038000000.008/16/19,2864.73999,2893.629883,2864.73999,2888.679932,2888.679932,3498150000.008/19/19,2913.47998,2931,2913.47998,2923.649902,2923.649902,3212880000.008/20/19,2919.01001,2923.629883,2899.600098,2900.51001,2900.51001,3066300000.008/21/19,2922.040039,2928.72998,2917.909912,2924.429932,2924.429932,3011190000.008/22/19,2930.939941,2939.080078,2904.51001,2922.949951,2922.949951,2890880000.008/23/19,2911.070068,2927.01001,2834.969971,2847.110107,2847.110107,3937300000.008/26/19,2866.699951,2879.27002,2856,2878.379883,2878.379883,2857600000.008/27/19,2893.139893,2898.790039,2860.590088,2869.159912,2869.159912,3533630000.008/28/19,2861.280029,2890.030029,2853.050049,2887.939941,2887.939941,3097420000.008/29/19,2910.370117,2930.5,2905.669922,2924.580078,2924.580078,3176190000.00